21772 8013 11588
23766 22434 8727
15996 2062 15432
13375 3022 3905
4799 53 1796
25931 24480 10103
749 618 620
23338 21484 17530
23454 20343 17731
18676 10925 10801
11836 1710 11018
23765 14794 5688
25497 20702 23048
5152 1306 2213
725 611 236
26643 9155 11650
26808 4845 26624
6517 994 4069
11016 7951 2716
30036 7676 27774
16521 1248 13590
6027 5078 883
4508 422 1376
32735 30412 17547
7883 1233 612
21705 9600 18328
16789 2746 6524
31569 6583 10859
346 132 237
19840 14899 11154
22849 3284 3407
16725 15055 2481
27997 13855 870
20549 19869 18701
23688 12428 16046
29605 10249 3642
27054 26263 14058
9363 6777 6291
29300 17115 20181
3648 1270 1758
25225 15810 14042
6048 2472 3383
23038 9077 12057
9708 7142 8193
25208 8471 2826
2943 469 2721
8731 5913 811
3823 24 2472
19581 12142 13700
25718 21696 4198
28935 2612 12716
26632 22874 21949
897 215 71
28833 26143 11489
26320 16418 6627
17844 17500 10287
11005 3637 2641
9671 9039 4540
26404 23670 15178
31134 15200 14148
27878 27394 21350
20860 15839 16815
22110 19964 16948
12902 1873 1735
28893 26956 1932
6007 5080 5588
5583 2816 315
28566 21044 592
28823 8097 2365
23093 20637 13411
19273 2834 8230
1505 318 273
5513 2669 4361
27086 4775 19450
16369 12269 3346
12190 8253 11703
3031 1409 1929
5398 3027 1031
25158 7354 15668
25987 4061 8170
30334 6819 24934
30967 30290 26322
14188 9866 2160
31653 29706 12604
12480 10242 1866
10765 6218 9532
18365 5913 4265
16047 3317 1889
2256 1380 1934
5250 3260 1395
21137 12976 19928
3426 1105 2580
24510 17114 19354
11819 6861 11566
21836 18544 15387
10828 880 5283
23205 19777 8441
22244 19715 2224
12712 1673 11776
16844 4400 8084
