10000
10 2
6 2
6 3
10 2
2 4
1 1
7 7
1 7
8 6
7 5
3 6
3 10
7 1
9 2
10 6
9 7
1 1
10 8
10 10
1 6
5 3
3 5
10 7
7 8
1 7
7 4
6 1
1 5
6 6
4 1
4 10
7 4
8 3
8 5
7 2
10 3
7 7
7 3
9 7
3 5
8 1
1 5
10 4
6 8
6 9
10 2
4 2
3 3
9 2
9 8
6 2
7 6
4 2
3 3
4 8
9 4
5 7
10 1
10 7
6 5
10 8
4 5
7 5
8 8
4 2
8 3
3 5
1 2
9 8
7 9
10 10
10 7
6 10
4 10
4 5
8 10
2 10
2 5
4 2
3 1
1 2
8 4
1 1
4 8
4 2
3 3
3 4
7 2
4 5
10 4
3 9
7 8
6 10
9 4
5 1
10 3
3 9
5 9
2 10
5 6
3 7
9 6
8 3
1 3
1 2
1 7
9 1
3 7
4 10
1 2
3 2
10 2
2 10
8 5
9 10
2 10
2 2
4 5
3 5
3 8
4 4
8 7
10 7
4 8
10 9
9 4
10 8
5 3
9 9
1 8
8 3
10 2
7 10
5 8
8 7
2 7
4 6
2 7
8 6
1 3
8 10
8 4
4 6
10 8
5 6
5 4
7 5
6 7
9 5
1 3
5 1
3 4
5 6
6 1
5 1
4 4
7 1
5 4
9 1
3 7
4 1
2 4
4 6
5 8
8 5
4 4
6 6
9 9
3 3
7 3
7 5
6 10
5 5
3 9
5 8
3 5
8 10
5 1
9 10
2 1
3 7
5 10
5 5
2 7
5 9
5 1
8 7
8 7
3 6
2 5
3 9
7 8
6 9
7 9
5 9
9 8
3 10
1 10
8 2
1 7
8 4
5 2
8 1
9 5
10 9
9 4
3 10
7 8
9 9
4 2
10 2
7 8
6 4
9 10
2 5
6 2
8 5
6 10
4 9
8 8
2 7
2 3
10 4
4 2
1 3
1 1
7 4
10 3
6 2
10 10
9 9
5 8
10 6
1 7
6 8
4 5
3 8
8 4
7 2
8 10
1 6
4 4
6 4
8 1
5 1
10 10
5 3
7 3
4 7
9 8
7 3
4 7
2 1
3 6
10 8
10 10
1 8
6 1
10 8
10 8
7 9
10 4
6 8
5 6
10 10
9 6
4 8
8 10
2 3
2 5
9 3
8 3
3 10
1 2
3 10
3 7
1 1
6 7
2 1
1 9
8 2
8 1
7 8
7 4
5 6
8 5
2 4
1 4
3 4
4 6
1 7
5 9
10 10
3 8
1 6
4 6
4 10
4 3
6 8
7 9
4 1
5 3
3 9
4 1
7 1
2 5
3 8
4 8
8 2
3 1
1 5
2 10
10 6
2 9
10 6
2 2
1 6
2 7
8 3
4 10
5 4
6 7
7 2
5 2
4 1
5 4
6 1
4 8
6 1
7 5
9 9
5 6
6 2
3 4
9 5
4 1
3 5
9 4
4 2
2 1
2 8
4 4
1 1
8 4
6 6
4 7
10 8
7 9
1 10
7 10
7 7
2 8
8 1
9 10
8 6
10 10
4 10
5 1
2 1
7 4
2 5
6 3
1 5
10 5
10 4
4 5
10 6
7 3
6 6
9 6
10 4
1 9
8 6
1 1
8 6
8 4
5 3
2 8
7 6
10 10
3 5
1 6
6 6
5 2
6 7
9 9
8 9
7 2
1 7
6 1
8 7
7 2
5 4
9 9
10 2
2 9
8 9
5 9
7 2
3 6
3 1
7 6
8 4
9 6
9 9
9 1
2 3
3 9
10 9
2 4
2 10
10 10
1 3
5 8
5 5
5 10
3 10
4 9
8 7
8 2
5 6
5 10
8 2
10 6
4 3
4 3
1 9
3 9
5 2
2 8
4 3
6 7
6 1
7 10
10 3
2 4
9 3
9 8
3 10
1 1
3 4
1 10
8 3
3 5
2 7
5 9
6 3
9 5
5 9
6 2
5 8
1 2
8 9
5 3
8 8
6 8
10 7
2 4
5 5
2 3
2 6
6 1
2 9
10 5
7 4
5 9
5 7
8 3
2 2
7 4
7 9
2 4
10 1
4 6
7 6
8 3
3 7
4 5
8 4
6 5
10 1
5 3
5 3
3 1
3 1
5 3
3 10
2 3
9 6
10 2
8 10
9 9
3 6
7 1
3 7
9 1
7 3
5 3
3 10
1 6
5 5
1 2
2 9
9 7
8 8
9 4
7 8
2 4
4 5
1 6
10 8
8 8
8 10
5 7
6 3
7 6
10 10
8 6
10 10
4 7
5 4
10 2
10 10
4 4
2 4
7 6
9 10
5 10
7 2
4 4
4 9
10 4
9 3
2 2
9 4
6 3
4 7
8 2
3 1
5 1
8 2
4 1
8 10
3 9
6 6
8 8
9 1
9 3
2 3
2 8
5 2
8 3
5 6
7 7
3 8
10 9
8 8
2 10
2 4
3 7
7 7
3 5
2 9
9 5
8 4
4 8
2 1
10 4
6 10
4 8
3 7
1 3
3 1
3 7
8 7
8 5
4 6
7 10
7 9
7 10
1 10
8 2
3 8
5 2
1 7
1 5
1 6
6 9
9 7
8 3
6 10
5 6
9 4
3 9
1 4
9 2
8 2
7 4
4 3
4 2
1 7
7 10
2 6
1 1
9 3
7 2
5 5
6 2
2 7
3 7
10 1
4 4
9 7
8 5
10 10
8 6
2 5
10 10
6 9
2 5
5 7
1 4
9 7
6 7
6 3
4 2
7 6
1 9
5 4
3 8
10 10
10 6
7 8
10 3
9 3
2 7
10 7
7 6
2 2
5 5
5 5
2 2
6 8
5 2
6 4
4 9
2 4
7 1
7 6
7 9
7 2
9 4
10 5
10 10
8 5
7 9
7 4
2 2
5 6
5 4
9 1
4 8
10 10
8 3
10 6
10 9
8 3
1 9
4 10
1 8
3 3
9 2
4 8
3 10
2 2
4 10
6 5
3 1
4 1
1 5
6 5
5 5
10 5
6 5
6 2
9 5
9 10
4 1
2 8
4 6
9 3
5 7
6 3
10 9
10 8
9 9
9 9
2 2
7 2
7 2
1 7
7 5
4 9
7 7
7 3
2 7
7 8
6 4
7 2
8 1
5 5
10 7
1 7
7 6
7 6
5 4
7 10
10 4
10 6
9 1
3 1
2 1
6 7
4 4
10 2
2 1
2 10
10 10
9 10
7 3
1 9
7 2
2 4
6 7
10 2
2 2
3 8
5 6
5 5
1 5
6 8
9 1
5 8
10 2
1 8
7 4
5 5
2 2
6 7
4 8
8 8
6 9
5 5
5 1
10 8
10 9
8 7
5 9
1 1
3 7
10 1
4 1
6 5
2 4
9 10
9 2
4 2
2 7
1 8
3 8
8 9
9 6
9 5
7 1
4 5
3 8
4 8
9 8
5 2
3 3
6 6
4 7
10 9
8 2
3 9
5 6
7 7
5 7
1 9
7 2
8 8
6 1
8 9
8 10
1 1
4 5
10 9
2 7
2 4
3 2
9 2
3 3
1 10
9 7
5 10
10 9
7 7
5 6
10 8
9 1
5 1
7 1
9 9
10 9
4 7
10 2
1 6
6 1
1 3
3 4
5 6
10 8
8 4
10 10
3 9
7 9
9 4
5 9
8 9
7 3
6 5
10 2
3 5
9 9
3 10
8 2
7 7
4 7
1 6
8 9
3 3
6 9
4 4
3 9
9 3
5 2
7 1
4 6
1 10
8 1
10 4
4 3
1 2
7 1
3 8
3 6
7 8
3 7
9 5
10 2
2 5
3 6
3 3
8 3
7 8
1 7
2 4
8 10
5 8
6 10
8 1
7 7
7 3
9 10
10 10
1 10
9 1
2 1
4 10
5 3
2 4
9 6
6 5
10 6
7 2
10 10
9 1
7 8
4 1
7 4
8 4
10 1
2 8
9 8
8 5
5 1
4 4
8 3
4 3
5 7
5 10
7 2
8 8
6 8
8 4
8 5
3 6
2 8
1 4
1 1
3 4
2 1
7 6
1 1
6 10
2 3
5 3
4 4
5 4
10 7
5 5
4 2
9 6
1 2
1 8
3 4
3 5
7 5
9 4
5 9
8 8
2 2
9 10
7 1
5 5
7 8
9 9
10 3
10 2
6 5
10 1
4 10
2 1
5 10
6 8
5 4
2 5
2 4
2 9
2 9
7 7
4 3
10 4
8 3
5 7
1 7
7 6
5 5
4 5
7 10
4 2
10 5
1 5
4 8
2 7
10 10
5 1
5 4
6 3
5 6
4 4
5 6
7 1
3 3
5 1
2 7
1 8
7 9
5 3
3 5
9 4
6 9
8 10
5 6
7 7
7 6
2 6
9 8
10 6
8 7
6 6
4 10
2 6
3 7
10 2
4 5
5 7
2 6
2 3
9 7
14 36
1 2
30 25
27 20
4 43
13 7
5 35
39 15
43 16
20 13
23 1
4 42
44 37
18 7
3 46
16 37
3 37
20 26
18 23
32 15
34 16
27 30
3 49
4 46
40 43
9 45
14 16
37 9
38 38
47 27
7 12
11 12
8 43
38 36
28 12
14 35
37 7
21 4
33 10
29 28
31 32
35 5
38 23
37 46
35 19
45 7
42 13
26 13
15 20
37 11
20 12
6 46
25 21
4 35
10 6
49 50
28 12
35 48
22 15
48 39
4 46
3 16
8 10
26 37
44 16
30 34
26 41
36 4
27 39
41 34
49 16
7 8
9 45
20 1
12 13
26 13
13 18
7 17
19 2
33 26
31 22
29 12
20 23
1 36
17 22
35 27
50 1
23 48
50 35
29 28
17 34
48 10
14 24
35 3
39 23
44 30
42 23
43 29
16 14
24 17
39 42
36 32
10 14
3 2
25 33
3 27
31 19
50 30
39 18
18 15
18 16
29 16
27 2
1 13
21 14
4 33
49 49
43 14
40 35
32 42
42 16
11 2
31 26
23 18
22 15
47 14
49 1
17 40
3 31
42 10
25 50
44 48
23 40
19 14
22 11
14 20
44 8
29 8
37 21
1 47
27 24
2 15
44 11
41 26
32 32
11 36
4 31
6 2
31 2
15 38
31 27
30 34
47 26
36 19
40 33
8 21
34 29
37 2
29 39
10 19
27 39
45 8
12 4
43 2
45 38
6 16
43 49
1 10
44 49
24 15
31 19
41 34
21 33
1 29
48 23
41 31
3 8
1 16
21 33
47 26
3 9
23 26
2 23
5 50
36 17
23 27
13 45
23 48
19 43
10 38
9 32
42 32
3 45
50 2
35 8
35 2
24 41
7 6
31 22
28 2
10 17
20 40
21 26
14 10
18 49
9 22
35 27
8 5
18 50
30 42
40 32
15 33
40 34
23 5
36 11
44 7
15 44
26 26
25 18
18 42
13 16
49 28
31 46
28 11
12 49
22 35
4 50
36 39
39 21
6 16
40 37
39 4
37 8
27 23
10 26
46 12
29 6
19 41
5 8
31 24
22 50
35 49
46 38
19 7
17 43
20 15
15 6
2 43
7 44
48 46
8 11
32 13
22 24
4 12
8 23
36 8
23 36
12 36
28 49
44 48
26 2
50 16
30 36
48 16
41 17
5 39
36 15
15 5
50 23
41 32
46 4
2 13
23 34
42 21
20 14
31 27
8 15
5 16
37 9
1 12
16 3
41 38
24 11
14 37
16 45
27 26
35 30
14 7
7 19
34 47
16 41
7 24
15 7
50 39
6 13
36 33
50 6
2 45
21 28
16 11
25 32
34 25
9 19
47 29
49 9
25 30
32 37
40 25
40 14
46 3
35 20
25 3
34 41
9 17
6 27
2 11
15 37
37 42
20 12
48 6
31 32
23 34
26 47
39 36
43 4
6 3
26 44
30 50
49 3
11 48
5 28
7 46
37 40
7 17
16 28
41 14
9 31
43 46
14 15
21 49
17 38
35 17
42 41
33 19
17 13
23 16
47 31
46 42
41 29
17 34
45 31
5 5
48 25
41 22
19 16
7 10
6 3
13 43
46 33
11 11
15 22
10 3
24 13
35 46
43 10
36 4
20 15
9 45
30 27
1 38
19 13
44 15
17 2
27 16
36 37
44 30
17 38
4 49
29 47
17 8
11 46
3 39
1 34
16 21
6 29
24 40
19 18
23 49
6 10
20 25
7 44
23 48
14 5
30 39
34 15
43 14
25 30
49 35
19 20
11 26
6 37
25 25
45 6
35 17
14 17
9 28
37 27
12 9
10 38
18 32
14 48
50 3
49 48
12 11
1 17
1 38
27 47
4 48
2 7
19 27
9 27
39 35
50 50
30 6
10 32
12 41
40 1
23 35
45 32
37 5
22 47
19 3
47 36
21 29
28 22
33 23
14 33
21 12
6 25
8 6
35 47
23 48
49 24
47 38
42 12
28 24
39 10
24 39
28 23
27 26
12 36
12 2
31 12
16 41
47 9
45 29
20 50
22 37
28 16
37 11
14 5
45 12
12 50
12 49
31 13
48 35
4 37
45 46
11 30
19 9
30 19
2 13
30 38
18 11
31 50
45 6
40 29
37 15
44 43
20 7
29 11
13 35
39 22
47 45
4 36
17 25
23 50
30 50
3 1
34 14
23 44
46 11
29 30
31 2
24 35
46 5
32 27
29 27
19 15
9 2
12 5
40 13
19 24
34 49
36 12
10 6
6 47
26 17
35 11
7 7
8 10
6 24
13 43
41 36
43 3
8 45
13 23
7 39
35 11
32 44
10 33
46 16
27 49
10 36
50 9
37 38
13 7
29 47
44 3
22 13
43 15
15 20
41 5
25 34
7 41
25 19
7 9
33 46
36 39
46 47
29 18
20 4
43 11
16 42
49 33
29 39
1 29
42 26
7 28
29 2
39 36
11 43
22 7
19 31
12 30
23 22
7 28
26 18
48 35
23 49
46 16
33 43
27 32
6 33
6 12
10 13
27 2
28 24
17 13
41 47
4 34
6 43
24 8
14 45
28 23
33 43
23 15
25 24
3 39
14 28
34 24
33 46
25 1
33 23
2 34
14 18
36 36
47 3
47 22
20 38
47 9
50 20
30 4
7 3
21 42
17 37
50 39
19 45
11 9
31 22
4 29
6 41
3 20
25 30
10 10
4 18
6 26
21 44
1 21
30 2
9 50
6 22
12 15
32 24
17 14
10 17
49 28
9 50
49 47
8 33
31 8
15 12
49 49
2 19
4 30
30 31
10 42
8 48
12 16
25 2
40 13
38 47
42 43
28 12
33 38
21 50
40 31
26 13
23 16
18 12
38 36
41 1
46 14
48 33
40 7
7 2
24 17
4 18
25 16
35 17
43 46
16 15
19 6
3 36
21 10
6 18
33 13
12 46
43 6
1 31
2 25
47 30
13 47
38 39
3 11
13 7
20 29
14 33
16 49
32 33
5 24
40 13
34 41
26 16
5 3
4 49
2 23
38 16
33 19
11 22
12 42
1 11
5 47
16 48
28 30
26 8
1 46
3 45
6 47
27 34
22 14
35 33
11 29
43 6
28 11
34 1
26 35
29 9
15 16
24 22
29 9
5 35
31 45
35 48
41 2
48 42
12 34
9 11
31 36
3 16
20 46
26 9
9 38
19 5
39 16
34 2
48 5
28 7
39 14
33 41
1 38
31 15
47 28
35 18
29 27
33 35
17 7
14 4
49 17
15 18
11 21
17 42
12 34
14 39
12 9
21 32
11 2
42 5
9 10
26 23
42 50
36 20
42 23
47 8
29 14
17 40
34 18
49 46
11 26
2 48
24 49
42 47
12 13
50 26
3 38
39 34
16 14
8 29
47 50
50 18
31 29
38 15
40 36
15 39
5 36
9 35
26 13
15 33
46 23
5 1
41 33
35 9
35 39
16 12
19 24
3 47
20 30
26 6
29 18
22 48
12 31
40 9
40 25
35 21
50 44
41 36
7 8
37 45
46 5
5 48
31 9
45 48
26 42
4 31
14 16
35 39
10 7
42 45
49 35
1 17
46 49
22 25
13 7
37 42
44 7
40 43
13 11
22 7
28 2
36 27
44 30
27 28
32 20
19 38
41 10
20 5
40 23
29 31
25 33
36 18
25 49
14 33
35 34
38 48
40 9
14 18
30 19
29 3
31 41
32 23
29 23
11 16
32 13
6 40
19 17
10 13
34 11
22 13
46 24
2 33
20 23
47 44
19 20
44 20
11 14
16 32
13 29
26 8
42 42
2 50
43 21
43 16
47 23
5 11
9 41
49 6
47 32
40 4
35 34
1 24
7 31
12 7
24 6
30 15
20 30
9 4
20 16
38 8
6 40
25 25
40 39
37 18
9 3
19 48
6 3
34 26
17 12
21 5
42 17
42 21
1 7
4 10
28 50
46 20
19 11
19 40
34 31
32 41
49 15
34 10
25 18
36 12
23 20
50 38
30 31
25 13
15 50
28 13
22 38
19 19
42 15
48 45
37 30
25 29
25 40
12 11
46 44
39 32
9 15
30 2
48 30
28 34
25 44
24 31
46 33
35 10
15 42
11 30
9 23
44 26
40 47
1 12
13 45
19 11
36 18
49 34
24 9
44 13
32 21
13 30
19 5
33 2
26 10
35 41
42 42
44 43
50 13
6 26
26 26
21 41
50 26
34 22
32 22
24 25
10 10
37 49
15 47
3 4
43 30
35 26
14 31
20 30
41 30
10 14
11 37
2 50
12 34
7 37
50 22
24 9
7 12
13 14
5 34
12 13
23 29
36 49
31 47
39 23
47 33
30 31
18 26
24 19
34 30
10 9
16 49
23 18
47 11
49 2
21 18
3 29
14 23
15 33
17 7
30 25
22 1
29 30
19 18
21 35
9 13
28 34
4 46
11 23
42 20
44 45
2 45
5 24
34 29
45 1
10 24
8 13
83 10
26 2
11 99
6 71
43 94
52 63
85 30
18 69
99 42
36 59
46 25
59 69
99 36
6 13
99 2
82 81
9 47
64 24
14 79
29 65
12 80
61 80
63 31
43 18
24 95
88 83
38 75
42 42
91 48
63 49
2 30
98 77
2 43
93 28
76 88
31 29
36 20
16 29
42 6
15 72
7 7
87 57
24 61
93 21
90 98
45 8
91 67
11 2
41 22
52 30
77 93
29 45
41 62
27 65
22 40
68 46
35 3
44 41
22 75
56 23
78 77
51 44
48 39
70 60
54 40
22 2
33 11
26 31
62 44
82 69
39 96
58 33
46 66
44 14
74 54
98 100
14 5
22 95
59 16
74 59
21 46
94 63
88 1
87 73
19 68
43 42
57 50
34 58
96 77
47 45
62 81
11 7
10 35
5 54
38 13
52 74
70 15
61 94
54 99
99 29
79 65
75 33
12 54
4 47
15 43
16 19
29 16
45 70
25 42
25 65
35 19
55 23
41 56
94 55
75 89
7 23
96 60
25 49
32 41
63 100
56 100
60 42
18 63
5 83
37 30
10 96
97 40
92 84
63 32
70 98
95 100
47 57
69 4
38 17
82 86
95 19
19 12
58 38
39 39
90 11
69 35
95 62
36 60
94 14
74 71
72 23
55 35
10 26
46 45
41 44
56 77
50 42
52 4
99 57
99 39
86 90
93 18
25 36
64 33
18 1
31 65
61 53
61 78
45 1
60 59
64 99
83 47
25 43
20 63
78 61
38 36
73 23
34 34
51 10
56 69
12 37
7 63
1 98
87 26
27 87
89 51
43 98
24 39
15 100
69 5
64 72
64 81
52 52
62 36
66 28
94 83
11 53
88 12
63 84
39 50
21 96
30 52
27 45
69 41
34 25
29 7
100 24
45 34
51 19
62 2
1 22
50 68
80 46
80 84
96 28
87 70
14 3
27 23
68 32
80 54
90 72
42 4
3 77
21 3
53 73
6 74
29 40
98 30
34 52
33 84
87 97
1 15
19 94
9 82
57 34
44 57
80 60
38 64
33 45
60 9
30 98
79 88
65 53
11 87
18 11
17 7
97 13
51 24
40 51
50 83
63 16
52 70
60 44
56 16
85 54
31 47
84 46
47 6
62 86
29 35
31 31
79 77
62 82
4 85
68 31
7 2
61 63
26 30
73 85
23 47
100 94
100 58
69 41
92 54
84 15
25 81
30 87
54 83
56 2
92 95
87 58
25 45
32 8
53 16
24 47
13 73
89 31
68 28
29 42
80 52
62 36
65 73
99 65
24 35
98 83
83 60
74 92
23 78
99 78
85 84
4 62
13 43
41 58
100 55
37 78
25 14
77 32
86 11
73 79
84 16
10 25
73 71
61 33
8 33
91 80
74 38
66 33
31 60
15 50
58 83
84 17
58 18
76 41
93 36
85 18
82 23
25 86
94 89
4 80
34 64
48 77
40 23
50 98
51 60
48 73
76 98
92 59
54 68
52 17
48 99
50 6
78 26
46 68
74 60
13 70
36 25
45 18
63 66
87 67
45 39
48 41
44 98
66 44
43 62
68 69
53 32
49 2
84 16
54 1
9 3
63 11
2 27
67 7
27 68
33 85
29 90
62 59
28 95
40 79
36 94
97 25
7 43
81 71
92 18
100 63
91 86
12 47
96 47
41 64
13 80
1 99
39 64
82 15
19 43
38 45
57 19
51 69
38 53
39 14
11 78
13 18
48 18
80 58
38 52
32 96
99 58
63 63
91 41
74 53
77 8
7 22
46 90
17 68
77 62
38 65
31 10
61 88
73 54
76 91
92 42
15 69
66 74
78 64
18 98
71 1
58 69
16 94
95 81
56 43
86 76
51 65
93 86
15 44
52 31
100 36
6 73
3 61
27 13
99 25
98 38
56 74
53 15
29 17
76 3
35 70
92 21
42 21
86 41
27 45
47 23
75 79
44 2
52 41
88 98
33 43
65 26
47 41
52 13
65 14
9 53
63 77
55 60
98 51
80 71
54 36
8 24
50 81
18 76
57 29
27 37
49 46
93 88
68 58
43 43
64 47
67 97
55 44
67 38
64 65
29 64
24 17
93 66
29 69
56 40
86 100
86 79
35 69
48 46
56 33
12 93
32 78
100 90
68 71
52 45
43 84
67 9
8 36
20 95
74 45
3 28
85 48
39 87
6 18
36 16
83 26
80 68
86 76
9 20
33 45
67 47
92 64
48 16
51 100
43 37
72 7
49 78
3 19
57 97
99 95
19 40
32 52
63 47
81 8
47 32
87 7
34 24
62 29
3 96
73 67
77 27
65 64
72 50
31 14
80 97
77 81
4 60
91 12
13 55
18 16
12 69
42 17
74 99
62 6
83 50
97 79
42 46
22 20
94 30
2 21
43 16
25 52
46 43
26 95
15 26
28 10
86 67
49 55
8 40
56 28
18 44
59 1
18 85
34 23
21 72
55 76
20 94
54 28
55 82
3 6
79 10
65 36
100 59
69 20
86 27
31 95
23 37
64 85
53 48
50 53
43 88
36 74
42 49
97 24
50 36
34 72
91 99
5 8
33 68
69 66
30 85
68 79
94 50
28 98
95 15
9 25
30 16
65 28
45 11
13 66
35 21
72 8
61 63
17 46
47 18
22 31
86 49
2 20
43 30
6 66
24 15
8 28
1 94
72 71
29 23
83 44
30 85
8 13
3 52
93 40
53 58
75 40
40 99
94 30
62 89
27 31
16 19
66 54
60 49
90 52
59 5
79 55
3 1
7 72
60 25
48 80
79 62
53 41
39 64
95 52
95 99
94 90
83 8
64 27
55 42
61 14
33 54
32 63
39 40
45 61
7 55
23 64
65 41
84 30
30 10
14 71
2 93
16 91
1 8
34 47
22 56
37 12
80 13
27 35
36 99
1 36
58 57
81 54
35 56
3 58
27 56
83 75
56 98
13 69
79 29
71 9
9 75
6 93
97 71
43 45
11 68
96 76
16 27
43 51
65 73
23 66
73 59
25 20
11 39
8 50
55 51
55 87
48 71
67 86
78 90
49 99
29 69
25 83
57 70
89 94
75 79
27 78
48 93
52 30
45 98
33 72
39 5
64 51
51 85
56 11
16 52
36 42
100 50
25 7
53 36
86 25
5 26
8 70
60 5
37 36
72 89
62 100
1 95
92 78
14 80
54 40
72 9
53 54
21 21
40 53
76 56
94 86
7 95
97 42
17 92
8 35
1 52
8 14
79 73
95 11
50 85
81 61
37 27
7 86
5 52
17 45
94 3
30 58
18 25
3 42
63 24
16 100
81 89
26 82
75 3
86 4
17 18
28 85
66 88
32 92
11 79
16 63
79 95
70 93
88 85
69 41
34 20
70 64
83 30
42 92
59 58
100 3
92 97
64 9
85 11
45 62
46 60
2 70
100 63
77 75
87 73
52 64
7 41
6 6
86 66
92 19
66 26
66 1
68 2
28 86
13 33
92 21
4 17
47 83
87 47
8 95
61 47
48 87
48 61
79 69
60 18
53 56
96 1
100 86
51 35
73 81
38 33
45 1
92 70
30 42
77 68
75 47
44 27
56 74
30 31
69 68
52 33
40 19
81 61
9 54
31 34
50 89
80 67
95 34
98 61
72 35
99 89
13 25
14 27
21 72
90 47
85 20
26 55
47 72
17 57
62 37
79 59
92 49
91 4
27 55
26 32
1 74
19 54
18 62
5 57
26 19
26 86
87 81
26 53
99 38
4 90
10 66
50 32
3 24
55 58
49 38
100 50
16 86
99 84
75 62
60 56
96 37
40 99
62 39
16 93
7 55
70 66
70 14
46 7
58 31
56 56
24 57
52 80
29 25
1 42
24 96
39 89
94 3
99 82
87 57
72 2
80 17
43 44
46 21
54 31
78 6
74 31
76 25
70 76
53 25
87 40
100 6
85 83
93 77
66 80
97 97
54 69
73 5
51 21
97 31
74 77
54 69
25 33
18 90
54 28
48 43
84 99
24 70
92 26
73 43
7 11
17 93
70 44
12 15
18 7
75 56
90 16
19 63
89 21
54 3
52 48
41 87
16 86
79 37
67 3
53 100
17 42
95 14
13 38
97 35
73 25
57 79
66 44
80 50
79 99
11 86
33 11
73 52
75 45
66 59
34 24
94 5
24 82
38 68
53 23
5 4
70 7
43 21
18 21
86 44
5 16
74 97
75 21
87 24
85 32
17 88
98 31
63 98
24 53
42 62
47 68
16 79
67 2
56 71
42 68
57 46
77 67
19 97
75 10
36 1
34 16
83 15
13 24
37 75
73 54
28 10
68 36
21 41
50 97
45 86
50 32
56 44
5 56
13 82
14 39
47 40
10 8
4 37
16 98
63 48
67 30
76 94
98 15
17 19
77 60
45 65
39 26
83 45
31 68
76 88
82 59
21 49
69 65
85 83
27 13
98 21
62 36
53 99
11 26
39 68
66 72
89 71
51 84
19 11
62 62
25 50
861 3690
966 655
3095 1490
2082 2950
2583 4785
1173 4077
3314 3972
220 1313
4722 2148
3568 1923
4235 688
2161 2839
479 3708
2012 2988
4101 3146
4232 2709
3006 4241
61 408
240 2427
4942 2413
2462 1163
1225 825
1880 1518
2293 764
1198 1889
1187 1807
1971 4380
272 1642
1864 3894
2954 4741
4358 937
1056 3741
1760 1950
31 4906
489 2636
3538 343
4770 854
4234 2025
846 2331
2111 2875
2289 1386
357 4601
2622 260
1154 4420
3264 1228
4943 3126
500 965
3086 3694
2781 820
2003 4838
3056 3622
2733 2283
4217 3530
1583 2357
4501 4378
2506 1816
1026 3638
3678 4401
3204 3721
1569 1085
3153 2464
1686 383
999 937
897 1416
940 2312
50 1012
2758 1896
2880 4746
269 2488
4833 1620
1662 3939
2335 2185
1889 269
3389 423
3565 3467
994 284
1450 2978
4829 567
3855 2938
1090 27
3093 3748
2347 3820
4476 50
3123 2980
2141 1255
183 4200
2815 607
942 87
1342 2599
4139 2539
4153 3744
3240 4403
594 3912
124 4463
436 4066
4056 3614
4776 447
2247 1541
3688 2293
1397 4273
4424 1983
4010 2903
210 1749
4230 361
2297 2181
215 204
480 2114
2600 4560
3939 4500
4037 3600
2710 4728
676 538
1277 1890
510 345
3708 1768
1127 1345
4232 2056
4025 122
2229 813
4128 4353
1346 3654
3314 227
890 1680
2165 3380
1820 1973
1597 1232
2173 3645
1158 2895
1028 1716
1999 3750
3447 1539
2296 3955
124 3019
885 3369
2322 1792
819 2141
2065 2427
2539 2840
4327 3858
509 4991
3253 2188
3550 1895
4225 2847
3429 981
517 3261
4523 4861
1880 1375
377 2832
4876 3344
2654 276
4536 4757
512 3079
2782 2530
1099 2859
335 609
2768 1721
2006 1232
2512 783
1563 4912
4746 4899
3841 1789
2761 205
817 3195
4633 208
4944 3429
4267 826
215 4788
439 1949
4970 2694
2913 4684
755 2740
104 169
527 1585
739 974
2481 2960
2316 2955
382 2261
1033 3128
2665 1159
353 4283
4304 3372
3069 2892
1839 3045
1623 575
2083 3572
1006 3906
3561 3300
1930 3440
1016 423
662 2365
341 1189
2676 2187
973 1028
4373 2628
3200 2739
3848 2529
76 1892
3275 1698
1952 4001
576 1751
2330 518
810 167
4027 1415
3688 606
3817 4083
4353 3276
1869 1577
3385 1140
2359 4674
1379 2291
4958 3720
4687 1154
1900 3477
4814 3124
930 2671
372 4772
2064 275
164 993
3023 63
1842 2243
1795 4132
757 1075
1627 4948
2492 398
1034 640
827 1355
4379 965
1230 2333
329 1240
3949 2098
4749 2384
2336 437
2387 4819
3781 4569
2023 1691
1648 2663
4260 2994
1762 2090
1469 4364
4605 441
480 4365
1670 876
2967 1347
628 2515
2897 2452
4889 4740
2217 2011
1591 515
3621 2519
4316 3126
2026 900
1617 4914
4205 3326
591 1160
4389 2275
2587 4324
87 2681
4732 3104
2290 585
2754 1884
1357 4618
945 1217
4438 1504
974 3278
4765 3670
3530 90
3471 3993
1285 1315
4375 1943
1181 2087
3442 601
2558 536
3465 2117
476 1565
4517 4407
1807 1592
1678 4400
606 122
1420 3055
2656 733
1802 3264
3358 2931
3024 3890
1213 2387
3960 358
4339 2717
2283 108
2200 2374
3973 3360
4543 3213
182 157
4708 2062
738 2624
2000 1863
3236 1009
2059 1394
2166 3221
377 2547
1252 1824
2985 690
834 4241
514 1554
4098 2646
2446 3563
883 4562
2212 2350
4350 2420
2704 2456
3475 2578
662 272
4484 4181
3399 2507
272 4622
803 4416
1555 1802
1976 4216
2619 3962
2561 2224
3742 70
2491 4338
3219 267
636 1169
3222 4627
300 2900
2432 1708
4537 3764
1438 235
3613 2289
4216 3778
3259 1370
2397 1144
4051 764
3389 1280
2977 166
599 317
3085 1970
3685 2484
2142 3677
3060 754
4720 563
4904 1624
3440 3109
2664 4612
3965 996
4078 2858
3778 4667
2842 2714
3865 1336
1431 956
1666 4779
2421 1866
468 1394
4201 1844
1467 4540
730 3090
3051 812
2941 1397
1828 4729
1796 1599
3974 4852
1386 4261
263 2377
2018 457
4867 3434
3712 3605
939 1744
2024 1509
2441 2355
1439 4748
2451 772
2623 1698
102 2753
1734 2028
2100 4633
832 492
1417 1049
1884 4547
3027 462
189 1092
992 531
1954 2307
4981 4629
2288 3814
4524 565
2447 3451
1877 46
4570 2722
3936 297
3995 908
3529 3949
2374 1668
629 3818
532 2204
2557 2232
4379 188
4969 907
4324 2607
3151 2658
4998 4966
4332 2704
2329 4905
1169 1850
1397 2850
1946 2251
580 661
2259 4461
3549 1046
1435 592
970 3185
3446 1656
517 3319
550 505
438 3136
1682 4638
1464 1156
4433 2492
2101 2990
3624 792
1295 2083
2011 5000
2633 2535
145 2536
2621 2858
2451 843
2127 2065
462 4517
4593 2143
278 2311
4128 1062
1981 1731
1367 4120
3957 4616
4227 1819
2714 2136
824 3733
3036 360
1674 779
379 4127
2917 1880
548 1707
537 3653
780 2257
2664 1092
4418 275
3442 4409
4561 3519
1684 4443
3053 2501
388 3591
1551 729
1072 1654
4948 4954
2279 496
1331 4146
3367 1737
1390 664
3025 1379
1216 3666
4155 1212
4793 2622
644 898
646 3635
525 484
2900 3307
4782 3506
117 4308
4263 248
1468 3072
4400 4255
1006 1017
2962 524
1667 89
96 3909
2691 4889
1320 793
2020 3544
4447 712
563 4135
1068 3915
696 3466
1987 925
4111 2961
4917 4994
4572 1040
509 4319
359 2124
1831 722
4088 2167
1468 1299
1837 2726
1481 4203
2202 3737
2777 2659
2048 1658
1551 1953
4129 3146
4097 2135
563 1896
3690 4149
2259 1691
3991 2112
3908 3899
1860 2586
4624 2282
1079 1067
2157 793
4789 1888
236 4864
547 3012
2478 2966
3584 2893
216 714
4122 352
3913 1441
766 4279
3554 3289
748 3218
4117 3429
1074 4148
264 2858
4311 4895
1796 1129
2531 1538
4273 2863
814 4970
4405 2705
1606 2807
3693 1580
357 2953
1547 2043
4697 802
1272 1674
4830 3454
3627 155
3097 2288
4563 1751
3534 1390
1306 2592
525 225
1258 2404
1920 3662
2252 2876
121 3848
3623 2118
3705 2545
2718 4272
4636 3606
1486 3118
2803 2259
1414 3637
1081 1663
3791 3857
2027 1089
1414 2460
722 4491
4159 4128
891 1142
84 599
4233 3711
2327 209
3128 360
789 1046
2029 1962
3523 2628
2149 1537
1629 787
4315 3008
780 2807
3358 4223
1416 4294
4602 266
4199 715
1197 3628
2677 346
1877 636
4844 236
3497 95
4829 405
1693 2918
3272 2253
98 2353
3601 4172
4917 4835
4388 434
1471 2416
1857 614
2013 1253
1395 276
3296 4799
606 2244
4359 3407
3311 4785
1132 2372
785 1047
3509 1298
4877 9
332 3234
3529 946
73 1737
1724 3378
598 293
4617 755
1171 1165
1786 2965
4091 264
159 3238
2510 2425
3120 3478
2105 1978
4239 715
2955 775
737 4880
2978 4100
4486 1147
4797 1617
926 1479
883 564
1751 1943
2588 328
1901 2668
1934 4254
2801 929
3299 329
150 4140
3936 622
951 2808
1113 2795
2580 121
2380 4567
255 4400
2475 4619
1154 3312
1686 1712
4420 3752
1840 1849
4828 1474
2160 1769
796 267
988 840
1841 3867
2825 2482
1322 3615
1358 4889
2088 494
4329 3412
957 985
3786 272
360 1727
4351 838
1727 3111
3407 2141
4678 1279
1555 3666
423 1324
3210 988
3890 3491
4724 893
4856 1776
434 4590
2498 3957
2139 4642
1888 3534
546 879
2518 538
1670 1976
185 372
3530 3702
1051 2178
3886 3263
3763 2062
429 584
785 2580
4266 3351
1768 2747
2916 1052
845 2743
4497 3122
3519 2030
1866 1520
2095 66
115 1621
410 4934
2351 1267
644 3005
1601 3043
840 2255
406 513
2501 2205
833 4817
1379 3175
3446 1202
2415 588
2611 1715
426 4346
4692 1123
2345 4367
1447 3197
425 4623
2311 3420
2337 4094
1364 2947
4085 2336
4803 4977
575 1639
1954 1642
952 2062
2799 4745
2984 4428
4138 1909
4595 706
4335 1393
317 1232
32 3753
1198 1845
1451 4826
4337 54
1824 4313
34 89
4814 3719
2030 2730
446 411
4088 2454
3511 3000
2657 470
3180 2656
3183 1990
1171 113
4082 495
1064 3336
2803 4129
2873 156
3109 3693
307 940
3704 1186
4997 4259
3219 4990
35 3562
2331 4128
4790 4527
4794 3660
826 2069
2457 3126
1176 2844
4432 4650
2341 1154
4949 1891
819 2394
1140 1555
1126 252
911 3651
4978 2966
982 4435
3667 4305
4632 3140
2604 4502
3778 2676
1844 723
3855 2466
390 3457
1489 3234
4185 40
295 2899
1288 2837
2479 4991
42 2674
414 627
4979 1750
2646 4120
3500 1704
1279 3434
1290 342
4482 471
2987 586
1225 713
3222 1904
3627 2287
3362 3593
2830 2273
1951 3860
1126 251
2029 21
1150 2612
3058 302
2636 303
912 2285
1041 4609
782 3846
1105 3196
2453 555
3056 924
1374 913
3014 1049
858 1269
29 788
2242 2847
408 3925
4048 1037
3926 756
2870 2155
3095 2974
1494 4506
1254 314
3849 3519
3336 3509
428 1989
4708 1811
2151 1525
2307 3031
1872 525
2930 3805
2728 3262
1909 2502
1204 1395
1423 259
3135 1391
4960 1398
2286 3750
2733 389
3324 15
4654 568
774 2640
1716 1134
3994 3091
186 483
2516 1904
3285 4572
1809 4650
1007 46
1656 1462
4264 283
405 2097
190 3574
1775 4562
2631 1490
4869 4000
4564 38
1573 4957
2025 2844
4333 507
4658 4387
4190 1718
1952 921
2413 3794
795 1052
1171 3534
4946 1267
2368 2210
4538 1240
3203 3949
508 3161
2517 1682
3058 3551
656 3851
450 2711
2274 1982
1451 2232
1438 2671
2192 1339
1908 1863
1468 4290
3575 1836
3373 4842
3472 745
1475 2098
3489 311
1098 65
3133 3115
4455 1475
1766 90
4216 2157
1447 1267
87 241
3556 1628
4679 1668
3886 4496
935 2262
835 1983
4088 1689
4301 3958
1570 894
3769 4512
3780 1452
3644 597
3563 3450
2865 2443
2954 2191
1622 3194
3339 1144
3520 2916
2493 98
3611 1181
903 1209
1903 2591
4044 3144
3271 1953
343 570
4396 4345
4800 2224
3809 3040
1215 2315
3896 1069
3169 1709
2094 3140
546 867
1826 24
586 478
3643 254
1866 3875
2715 3133
2600 663
3862 3147
4873 3342
2168 3993
2815 4638
1758 2130
2035 720
4019 288
4309 1959
526 4256
3762 4611
4346 1135
1316 1240
4375 1756
2040 1739
2351 1079
3221 3053
2923 3195
1033 2396
3102 105
4424 1070
2914 101
3903 3975
3306 2420
4925 4308
2952 774
2139 1848
4472 1361
2222 3168
4565 110
3971 2251
2947 2528
82 2012
2364 4905
182 186
2966 1255
2564 1783
3837 3032
3489 2200
4349 3410
977 3013
4931 239
2550 250
2045 2206
4942 3237
270 284
688 4897
2015 1037
3696 3818
1930 558
4705 138
673 2949
2578 1091
3383 2012
2956 3717
652 1129
3603 1914
2623 3505
123 3993
1119 407
1293 1936
3147 2255
1785 134
4587 4328
286 2640
1966 1281
777 4410
2117 2083
523 4496
3240 1976
3790 3349
3239 914
808 2739
556 1439
2081 3220
2200 4091
498 3714
450 2614
2342 4386
1607 2048
2414 2766
646 978
599 1666
2948 3551
1022 4855
3464 100
2432 2423
1279 4491
243 104
3322 982
601 2885
17238 13850
15886 9833
30037 20729
1231 28885
8771 13541
30581 23603
3980 7402
7395 29844
16956 13107
8876 24608
21943 20176
2417 11004
10922 16055
27498 2673
577 17928
4418 23370
22939 11669
18728 24445
6523 3745
13347 32526
28224 15080
32165 4145
23575 26080
12644 27311
25455 29503
9061 19082
18861 3773
7769 17892
23073 28955
19501 23069
13113 30308
3293 21564
29685 26995
12169 6288
23963 10421
16842 3479
15788 2096
26950 11806
13334 5316
31618 1706
10667 7345
18424 8727
2770 8538
18538 10623
6781 5705
11125 15197
29019 4466
28009 15858
32078 20668
29528 12520
5407 14525
23661 16950
29809 12485
32127 10819
13299 31
15078 4942
4570 4243
13454 4109
7823 14895
30794 26004
8612 31816
11882 11385
19213 18363
29839 3382
1165 15992
23230 7118
30574 3138
14004 5812
6773 15536
16761 3304
23573 12920
13112 12131
15587 9196
20814 20917
28234 16581
8865 24045
18816 25888
15923 16313
12984 32198
26615 2766
15514 432
28643 24714
8176 9419
1862 22744
23458 10232
92 29269
4324 27223
11295 19889
28590 8133
19041 14423
18284 20643
16408 19024
4088 1754
2041 7012
32453 19483
4424 21379
31837 23916
238 6756
3597 14304
2252 10860
2014 25253
18767 2769
6856 6724
28996 13567
4899 16677
4078 10555
23390 14674
19798 13958
5875 2940
31971 31172
27034 32579
15914 22557
16062 2226
8199 30884
9517 12041
31213 310
4883 20672
28538 6821
9769 26824
21071 22
13354 14612
22046 7592
16263 32344
19204 599
9307 4369
21018 10527
4513 6085
16455 23908
8869 11916
9048 16017
11448 10191
7506 9984
5416 19024
2566 31258
17263 12394
8935 7615
939 11419
5401 8936
27982 22335
15818 24970
8727 10654
197 3006
31041 18985
27972 31776
27386 28161
9478 17268
20502 29625
14754 14736
18949 7005
29723 5494
26370 32691
15028 20672
22158 13504
2310 23105
16925 12174
11855 23529
7695 23341
17933 6121
1761 32504
7884 8472
32421 23065
828 29333
7855 6224
6534 10926
4498 1008
19680 27905
26955 6442
30048 12257
9659 24205
12813 30972
32603 9934
10556 19770
18987 8133
8986 22504
1259 21177
12933 3349
26766 31197
24608 19260
3052 20250
2982 16420
28599 14351
30590 5381
1712 29527
12944 9708
3610 11018
21592 18528
19055 4230
16184 25926
31827 25967
23827 27138
8646 5620
2583 21727
22429 18516
8666 24753
28467 1441
25257 5049
3164 24517
6941 13768
24474 14530
21998 29095
20628 3902
30732 9655
11459 29758
1260 10197
11887 3634
32032 128
28634 19762
2859 24894
7867 13447
29331 23099
1005 23917
30008 4916
13161 5911
8931 2963
30834 18420
18210 9692
21007 29745
26964 583
5054 3455
4864 27823
32359 28694
20587 25002
25999 12537
8041 28410
13518 8572
16499 29476
27011 11268
7674 94
21702 28175
15867 26286
14750 13172
29140 10577
7028 14059
14422 25434
20680 19407
1563 24475
11811 21795
26649 26568
23885 11732
13432 3802
13503 26173
15777 31410
9051 31472
15256 28927
1115 26804
24459 11105
28552 16842
17835 14031
22956 10357
14650 25142
6473 21177
32485 98
9099 31586
6485 290
5500 25672
15361 9639
23927 19922
24646 21550
6367 1977
12473 20191
31248 32526
16060 20980
19094 28031
13903 23837
23966 3542
1065 11299
1705 31170
8712 8908
26760 5338
32069 12288
12420 10463
11179 27689
4573 5953
25225 30432
5494 17381
25606 22469
4558 7462
22197 26286
24370 25882
15209 32517
7217 8214
30027 619
5713 19572
6185 28321
11008 18323
28945 2729
13517 1056
32031 28456
22744 30100
17043 28175
18567 21758
16422 7546
19323 8963
26271 2521
9667 2851
20641 21325
11855 3134
11463 14933
10663 2646
3571 24489
15581 11670
5602 15206
3263 12947
11780 3948
23890 4051
17035 22788
17788 5260
13250 1479
19201 25773
29089 28603
31409 30242
30110 25790
20703 29524
3781 15656
1556 9968
13323 17836
5125 21738
20704 127
1731 9409
16387 444
28210 260
26778 27400
956 4117
12674 19058
22598 10797
16100 24732
7779 28832
11785 4640
25800 27235
17263 2093
21761 18891
16156 17521
19042 16279
19250 11324
21823 32561
14532 20194
32352 22577
32488 27489
24239 2339
12301 31043
24372 12170
22927 14534
13635 31013
393 3643
28404 31344
14059 11436
9172 20078
26572 21441
7642 25510
29185 9444
3741 6763
8686 21412
9411 6241
5020 13655
5565 30013
10764 29700
28594 9420
4299 26752
18360 16951
31687 24534
6218 8325
6497 20460
25591 17505
27331 16228
28759 11038
30324 25793
11587 760
2345 16587
7237 14493
30943 14388
19534 32236
7718 28795
15783 11772
30656 29713
16938 12896
11370 25019
11698 19881
24314 11063
27344 28461
2218 10018
18368 29703
19892 31257
3995 31071
31 6943
17357 9196
17624 30526
2506 182
3844 30833
8445 25377
26005 29634
29953 25639
10011 17072
8212 26341
16349 3027
29129 18009
1577 32451
19965 4202
12520 1845
30731 29224
7285 15207
7748 14678
20912 2495
14745 3878
846 27055
5531 20547
30067 5083
5286 9748
898 1406
1112 17728
14388 21257
5704 30061
11239 3598
20725 17998
7481 16989
3325 5596
30678 20077
21136 19427
15758 6909
11043 28353
1451 30202
15209 30058
1665 5284
14719 31408
23878 237
4967 13762
2084 30241
22967 23538
18061 28876
17042 20411
21455 30169
22744 16642
12264 21751
11162 8860
27291 27201
4561 6417
9411 8989
22095 18079
15336 19044
24565 6274
21520 24516
10791 31091
13271 32355
8573 3439
9922 5829
14523 23225
22993 32752
18948 1058
26195 9166
6218 30856
32510 19154
1289 15261
29503 19166
20021 11241
31951 7525
26737 27155
2951 8397
18817 17756
885 2327
14082 20844
8495 17345
27992 2385
30823 21227
13033 9157
16576 25530
11145 31919
25824 9210
52 14317
1991 6919
12035 337
29791 2541
5977 3561
11092 5838
5725 17028
805 18308
18350 9073
3708 3976
15954 29066
15547 29970
18927 6258
26839 4482
7229 21018
19049 28927
25275 9098
32002 5470
10401 5854
4543 8261
5398 22158
24350 26768
22948 3571
784 32499
25833 13063
19280 26081
11663 7533
30706 173
10622 3761
3135 32240
17743 4048
8640 16682
28676 18427
29081 4012
3831 12440
2073 1205
28177 19082
22158 4315
60 14514
5982 2220
1051 25525
14419 1686
24824 2816
16183 9220
20478 26378
23713 19914
9640 16601
8462 14275
20345 8904
2099 13240
23022 1671
20114 28548
4785 9315
17740 24182
6927 18376
6198 20983
32428 19716
14894 1389
8821 11341
27568 8543
8151 13830
4004 31193
24622 25662
17018 3090
3201 25978
26489 32588
9580 17588
8276 11516
22365 21155
25343 29739
24324 13373
8640 23580
4612 14971
14729 18991
24559 26460
6789 20229
24433 17452
24305 20197
15307 27910
17453 2398
5763 30104
14867 17454
12634 2854
31879 7523
29823 30673
27471 18624
9474 27418
5158 15458
24459 11170
8971 4260
11084 5683
11487 5951
14644 3588
2095 28086
9062 16953
10319 3825
16617 27818
11944 10279
24993 28133
9810 13570
1662 27254
7654 9982
27123 19814
5005 7187
27818 21505
26461 26771
14966 1756
18406 30805
15241 17431
19719 19219
9703 16096
13575 4113
17178 6200
30688 9471
15911 29946
9438 31777
3522 13593
15977 11693
20158 12329
2079 14453
8903 6945
31527 13765
26451 31583
21697 1167
22742 19180
29473 12229
30261 12802
29821 5127
14462 31179
19557 2174
29398 7276
17235 3848
28339 5698
5251 20373
6219 23659
7684 25297
20300 7305
22288 12291
12237 10690
153 25140
26500 15116
17444 14485
27450 24231
13530 13851
8317 18154
26332 29804
20373 21571
4312 7678
29113 122
27610 21373
12162 3893
17764 110
9119 10177
30656 25363
13771 15375
15509 19342
8700 24829
3513 22088
32733 31703
2118 9620
24191 26910
1520 24208
18507 136
24725 27980
17212 6727
5142 21551
8523 31118
12902 2710
13610 16466
24032 11965
16180 20558
15838 3811
9893 15689
8583 19881
21254 13467
17640 9660
14828 32238
27719 4275
29922 31042
18867 21819
29604 15924
24800 16497
7822 16511
23858 3727
32083 7619
3608 18123
13810 30853
32155 3708
30694 1143
21815 14207
10141 10234
1257 3545
24108 22242
24713 10397
4417 2681
10074 16913
30553 31430
10720 23308
31795 32015
497 11682
22916 11164
4367 13059
10220 15038
14581 16545
31785 7952
624 145
25739 26877
9840 18740
23207 31106
11615 6166
32080 29749
6321 13334
9923 4743
19133 15048
13090 15430
8395 7447
2852 2406
29550 20271
18186 4352
28948 12186
32213 10651
1755 27048
5302 32427
19366 22293
8902 8023
8561 9446
15607 27263
225 16276
15946 31742
8991 19052
24643 32556
32231 9782
14235 2727
17884 19221
26932 26964
27423 31150
11090 29856
17439 1932
26375 25612
23219 19139
3567 13800
3942 26836
30750 5470
1809 3281
24151 25011
5808 18626
17534 15050
8558 9798
26704 14058
7426 10878
2130 9664
12350 20774
5895 1192
8165 17157
11878 2088
32190 19336
22411 24253
19942 20906
31405 4315
5738 22550
2896 8751
3349 18576
17596 22567
22407 3729
2733 18868
4487 17713
16972 7247
3483 31818
14174 4666
981 22747
25020 19976
8943 5290
7939 28511
14235 8494
13452 27901
24084 29099
11679 20473
29177 12447
27107 13387
12379 25693
28697 12943
16405 18168
22794 5894
5211 21858
26302 2526
23958 22997
7151 3251
31855 30066
26557 29013
11050 27945
14756 11724
20790 15832
4522 12697
13570 15287
24797 8255
18 16627
19964 5378
18769 12185
12917 21487
6569 19126
25487 3100
7889 10941
7145 3889
102 20776
6435 8743
2878 8034
16859 19280
9977 13541
26587 16792
18904 30879
31376 24842
24275 20891
15807 18582
20965 21213
22643 1297
13995 24206
20538 28029
15661 1113
17552 5259
26876 7956
32412 29534
15997 30115
10522 12690
23172 25369
17561 11901
10276 18977
11238 12212
10438 22429
15560 22737
633 22668
30957 20596
18569 10033
13093 13960
12883 29554
7374 20424
13399 27262
18319 2689
12175 434
28490 16537
11008 26814
8267 23248
19342 26371
3526 14662
32276 10304
11392 1342
1972 15470
26060 20513
28780 20200
30393 9158
31722 22735
20362 26608
9378 21165
1894 16664
19741 10584
14417 19565
7060 31258
22363 23834
13245 23054
23831 7879
17125 11469
21071 16738
4671 20042
5366 4639
4988 5115
26974 9661
7067 26938
11180 30732
16387 2794
13704 9388
2511 9821
19481 7447
29545 24437
10800 32737
25690 522
31427 30015
8032 25228
22430 13511
22209 12778
8277 6262
23264 18610
15741 24823
5902 11641
9243 3874
20642 23165
11613 30404
23628 1673
5768 28318
15782 29977
15666 16816
25868 4543
27569 17847
32686 23237
18899 15092
3555 24340
17872 22831
13249 21332
2428 11772
30698 597
20417 12349
25768 7342
11853 11496
16189 11172
10120 28938
18804 11085
6345 21772
16764 4085
22729 3381
5110 15040
6744 25457
29773 8593
26446 15953
20294 11819
18373 6482
19416 6294
27013 21090
20029 16581
23488 28832
12617 19317
13056 18532
10747 1624
10589 8319
2386 22387
3827 15556
20577 15300
7827 29127
19110 6441
2745 9700
8856 26493
22206 25475
9343 29956
20559 24731
9096 18953
15646 8053
13593 28613
4311 3251
13922 7811
16214 16016
20533 5890
32535 14697
27927 11035
4078 23933
21911 14755
23032 25073
26334 8595
30929 279
6024 28774
1799 14831
16050 20419
15823 19182
20820 30300
15607 18943
2514 8214
3868 32200
11725 20842
15901 23598
26175 27147
3023 21019
24007 19145
8947 14462
6465 4789
21605 6804
16026 14214
13462 12647
15842 32059
11579 14484
4259 4354
22343 80
882 19289
12567 24749
15811 23923
1261 29210
31746 28125
5024 12073
12255 26721
22418 25494
31465 1323
29665 3204
14174 19242
9186 3593
833 4537
16075 25069
430 17791
9135 9135
18027 29843
8624 7625
8127 26084
12400 15413
12935 16345
3272 2096
7302 564
3517 4414
4349 22332
17839 26478
9083 27
17364 2783
13559 24709
2533 29827
14108 28058
2583 7203
14820 1038
16717 8100
30568 27015
16780 28552
20983 32070
16559 9400
30821 23562
32604 25472
9381 31537
7222 28635
10394 32545
10068 22257
15659 20710
2547 20958
18326 14108
5735 17845
2310 30224
21592 1220
27751 15138
23850 13594
26233 22382
23741 71
7203 3499
2647 28771
17163 30546
11742 7762
28771 17667
1355 5445
18950 24102
7771 3972
19907 9166
30855 28780
8952 23266
823 8115
10851 382
19507 10740
16438 5015
29274 19047
25705 734
12438 16879
15700 26087
5391 8027
10365 8843
14495 23781
19887 6027
2695 30463
26700 2421
1120 24656
15075 22220
23124 30457
24837 14179
31629 24348
29525 2826
30446 26271
12767 31596
6145 22061
10411 30008
20529 21374
657 15487
16442 14553
32334 8286
30173 1495
14808 4572
12760 19817
18415 8725
18965 17692
17397 11161
31778 22940
22527 11023
17377 27767
26924 2846
2689 7972
24118 26509
16812 20292
13382 2984
16130 10279
22029 12262
27591 28050
26896 15050
7384 25536
1347 2311
9956 30886
2778 231
728 4732
2652 29933
5787 10104
29433 6586
30204 733
31517 4909
12265 23348
30533 23758
31713 7641
4882 4461
23467 5050
8347 22022
1353 17244
29192 27624
10536 13343
29021 11798
26777 30402
27283 32238
4229 5929
15341 25352
27739 23390
24713 25185
17742 29655
2358 20665
25022 247
14213 9273
6387 4566
3875 2393
20241 69
20837 16129
27976 19981
14117 32238
10828 26488
7373 28504
14085 28435
13489 30418
9095 30385
13218 21361
4164 18867
11199 23600
32640 11399
2447 23443
23302 13679
26445 20107
538 8836
10883 2714
29614 20730
8155 3895
26841 14757
2353 1652
29572 5820
20972 14558
30055 5854
23951 30885
820 16722
9355 18429
2065 28563
4952 16067
15692 12
24515 29540
19018 9760
18570 27387
8385 31597
29478 21689
26919 13906
23528 5258
4971 10670
3143 24821
24546 29163
2937 30788
29828 29500
15680 12518
21080 3362
8967 26897
16173 10037
13101 6572
30603 31521
15009 4203
15593 16367
31919 5436
5152 6790
1305 32482
18464 30577
24682 31455
1250 12770
11911 3224
7838 11255
17287 1972
22845 15421
19140 2501
17425 5235
8242 14122
32196 1424
21488 16180
29838 17671
3101 27527
30379 5961
14573 16067
9997 907
20220 26212
10830 29898
31714 999
8168 27661
2311 4399
15272 10219
24761 25638
4960 25932
27003 5543
29917 7540
11168 20380
22552 25917
29977 18019
16816 20899
28556 24951
10648 1414
23718 22348
14861 19628
27825 16506
31436 26630
25449 26142
15489 28468
32523 20349
22658 27466
21936 21227
6333 3797
7385 11756
23536 12057
3915 26776
18968 25245
25885 2116
11563 26858
4623 21854
16905 16271
15901 14489
5552 2152
11348 29514
17072 9504
997 14098
8928 11253
12152 24766
18766 6587
18114 23147
22652 25892
13914 26862
2249 22334
6600 26739
29485 19773
31711 15459
29737 18299
29006 30348
15102 27069
16753 31100
22814 20664
4461 6701
26080 24788
17787 1256
2679 29231
3204 26979
2597 32229
18927 12845
6828 12431
20919 19275
8454 1545
10944 15396
9813 21113
19307 6298
6429 23692
1128 3450
11953 27907
3531 3094
30955 30575
27234 22832
1056 16440
5446 794
4435 9188
11697 796
16553 25494
5391 3606
16413 6869
13144 22630
21109 17039
21916 20748
17013 25950
23264 6156
5714 26889
9000 13332
5994 4430
29909 19295
561 8159
19505 25561
29295 13738
18761 28292
24489 22877
12283 8730
15836 18218
11855 26868
5746 28104
23819 26154
11630 15546
11905 22012
1770 10195
16300 19825
24771 1018
16251 7485
29843 8491
24685 23528
5599 17854
2142 23341
146 28396
12961 3233
27562 31375
14414 6549
13362 7721
29405 12860
13424 20264
27892 22545
7007 104
5502 10099
22624 22778
10493 25746
28460 18468
17697 20367
18445 6824
23193 991
20558 30025
28969 26353
32495 22668
29181 27152
4510 4540
27709 9098
5603 15664
2017 786
4763 15825
6855 9571
26023 19926
5122 2854
10725 3282
12662 14102
14687 12017
13218 30562
8131 12670
956 24146
4372 14505
3 11822
14494 31368
25169 15452
29743 23387
29935 4040
20356 7956
2478 16009
21506 21527
26419 20161
167 23358
8339 7876
32319 12576
2848 6269
25563 23699
18050 13326
8063 9839
2825 3511
22299 32405
12865 4857
21948 12848
11719 2811
22788 22331
24668 32300
21208 4420
3384 16682
29528 4975
20896 9955
3860 957
23739 7674
13692 9102
22946 15724
2969 24933
16310 1139
16123 14316
32054 20906
9459 32312
12305 21874
23042 3405
24824 917
30096 24293
29880 18474
9697 2413
18375 953
18502 15697
10268 4767
20880 10105
8516 25523
6858 23828
20147 25129
26152 13460
10328 14007
12346 12281
32116 9207
8549 23635
4523 525
13204 19074
4188 7561
24619 1345
18990 32143
27197 10339
28907 21813
6398 32091
17810 9260
30331 16642
27815 19107
26248 30357
23758 5224
10746 27645
7064 32592
8727 21332
15517 16602
26699 5540
22219 20239
3613 17138
25597 28844
6496 17275
16079 6275
4270 11837
12977 4127
11282 26809
21051 13735
32261 29688
1985 20740
10396 2764
5158 17478
29439 30040
28661 6980
21277 13778
17069 16003
16286 29320
25693 19802
24089 16673
7537 25427
24968 14118
6348 19667
11513 25537
15383 28414
3718 5828
23128 26325
9862 6380
29894 9121
20229 14696
32220 149
6002 21653
21164 8623
10392 14348
24182 6111
9424 2014
7289 4203
22644 2334
27657 5010
20118 30112
27362 5744
7666 15617
18876 25633
546 22247
20255 8745
5393 2698
31865 29715
15538 20340
2414 601
8434 11141
10607 26756
15851 12857
20366 20116
26202 2350
25744 12706
19027 5600
9028 8132
22067 14519
3860 27441
32215 14661
14554 6310
18443 18376
17909 3336
11845 14327
28059 15946
9364 22779
24688 27537
24019 3771
20056 8342
8226 4188
32394 2124
15767 28680
11751 21188
1328 20463
10121 12877
16396 26764
19358 13279
3803 17450
30839 30394
15252 21414
2524 1866
21350 16502
25251 24910
7408 8170
13441 23865
16052 27570
31263 3288
10697 25505
22384 19254
7377 15537
21571 957
21291 16710
9492 29853
13418 18103
30248 28786
6149 7178
27865 25377
29007 22015
21294 7682
30634 7249
8622 12101
7928 23608
23414 18574
29779 1074
28810 30947
13054 11523
6761 15816
9627 21498
26340 12200
10142 2679
25903 19831
23297 16042
10553 11158
26170 413
6457 2551
20074 28277
14729 5505
16855 5877
27320 22710
26268 6467
19931 8083
415 17135
17187 21175
2500 25905
14005 3528
31584 15986
12213 29971
32753 7438
21924 3698
15884 8025
24557 8563
26006 13536
9146 25270
19511 17649
13324 28311
11788 7773
18443 22285
26268 5244
23451 18642
13838 28018
15919 3013
26265 1457
994 25228
26171 19647
3268 3453
10414 32570
5745 29887
26008 16921
3049 15788
1794 820
1947 20346
23563 17159
15299 2843
25565 11186
13558 14945
17633 6469
11003 31334
17455 30523
21469 9515
20809 5956
27966 32383
31240 25928
28654 10275
23254 7336
8637 8491
24350 25287
31117 21671
26113 27337
2475 31619
8011 1690
25695 21932
13477 18738
11969 32372
4876 7704
21967 24632
26753 31269
6589 2880
10754 2443
25484 29670
13754 32534
6366 23547
25973 26801
25097 27494
9558 11563
5738 15374
25292 5947
17148 23803
26562 4546
32552 4280
30230 31057
991 19195
14157 9963
14567 12679
21637 6156
11378 9298
19114 22505
10485 4323
20205 3578
23863 5375
22386 21942
19113 13444
7241 17310
28149 9877
9376 15228
21977 32247
13367 31725
7222 12475
11540 797
30052 17182
14711 12498
18889 6573
21008 18860
3498 13997
29808 16299
19264 26297
7614 25585
4879 8365
23979 26057
18035 7363
5543 17129
28796 26364
14422 3316
8443 28866
7485 10307
32221 26059
15554 26597
32440 18496
26707 10980
1700 6175
21221 24266
20556 2526
32160 2916
24645 4177
23768 19398
29086 15821
18752 22671
4280 16526
4442 1903
22615 32342
16178 25574
1274 4951
26188 17742
21096 14419
3547 1563
22412 21506
2867 16482
21634 15284
24705 13208
9970 26423
29626 14237
22685 7163
12753 24824
31797 21364
29229 14949
19570 24768
11866 14221
16738 6538
25087 17684
4097 1582
10000 6616
18441 23837
25156 11640
1035 19844
5066 30740
24511 23848
8248 24404
10393 23956
9668 29868
31900 15479
12726 26846
19315 13128
27165 22720
28094 6699
32705 22335
18090 25112
31834 22692
9156 31290
16639 25366
20239 9365
18657 10336
1875 32236
1081 27893
21177 15586
24447 24625
24469 27743
19165 18914
26499 9525
21987 12551
18613 2820
13180 24536
18827 4187
14881 26886
14948 17951
13388 4675
27061 14897
5424 18437
7768 10571
26023 32391
3110 2091
32108 9233
30407 10228
23690 2170
30409 31185
14612 24043
5360 13787
5399 14053
12237 26941
28877 9606
24466 12181
27923 24584
19493 7070
29213 3722
10611 4877
11881 9747
19975 8632
497 29908
6107 2045
10661 17325
4974 2146
16152 12531
6422 14457
24698 10353
21656 22791
5318 7340
27382 31076
16444 25964
12936 27173
15634 26487
12622 17145
27751 27040
21893 32721
21368 15104
7288 31044
6422 3716
7065 15409
30552 12200
8144 1190
30093 29825
22291 24576
32372 4353
14391 14932
9904 12151
7430 23310
14198 29269
17041 5336
20873 17206
9160 11454
15464 4895
25159 15503
13765 28677
12659 5254
21818 5008
30662 24617
22584 20255
6759 4722
27200 30988
9982 23853
15701 16177
20422 14241
1713 683
28132 14450
13239 8413
32247 18118
27433 19896
19184 26279
11931 25402
15140 9385
12327 18997
29599 25804
12387 24658
17851 6307
30864 32597
6898 8374
17684 2467
21233 23846
13355 8193
18413 12687
3289 25758
27962 50
29219 28500
15386 24660
22142 22315
25299 5089
17288 29983
27140 85
18934 17443
17464 11996
11725 613
31676 6072
8918 30676
29358 15588
11595 1504
26967 22519
31447 25728
16059 8010
18366 12410
8045 26205
9303 11999
5800 7543
11971 27092
13724 29837
5337 2712
17670 9573
29280 5315
13571 10492
24449 26316
16166 23588
17275 9166
28360 22385
16281 27276
927 32342
18018 32178
25235 2444
13071 16734
2252 4275
30018 12766
13584 22332
9460 14268
15180 24710
4783 31991
13936 3911
10238 10132
3200 21550
11299 7509
30952 12231
16647 13513
4369 2974
11383 30597
30513 11943
16780 22960
12135 20701
32363 2757
19207 4650
12847 17300
24115 22663
16164 13706
29611 22884
19766 32563
29413 21066
169 18941
11361 13503
2314 30015
55 18794
7269 29305
21234 3703
12984 14046
17568 21821
5544 26127
24106 25374
6259 6698
10466 6575
3110 27907
25691 27161
17424 9905
20093 6080
15990 13645
12760 3618
17800 20982
11833 19969
7316 30488
28539 13764
3450 3054
18080 10523
27232 26950
22817 23522
22438 7045
23169 17480
29212 1514
1064 30768
9587 19223
16239 31191
18162 7885
13816 14263
18538 25847
15424 17324
5996 16874
19063 1366
31929 32747
30607 27582
4090 28145
10899 25148
5042 7085
30266 3224
19824 5832
21180 3695
11849 3436
10724 25048
24453 31237
26982 328
1945 15433
3956 26803
23382 17270
25996 12788
20319 11738
23956 20591
32224 409
17704 12277
5245 25259
17203 15080
24201 27172
21436 2975
16249 696
13827 19723
12696 28286
205 3739
7420 23028
20732 3934
6840 8260
18018 17512
30803 9413
17111 7798
3961 26053
8073 21205
17905 11398
19604 11135
18895 32390
3795 8840
24043 13315
20469 19640
19089 22463
13523 22394
18042 13313
28160 7668
27643 12508
30370 6520
3709 26547
13697 12571
1069 4093
13406 11427
14325 10566
24966 20135
6058 1654
4007 23025
12935 7766
10209 1575
7130 17744
16928 10155
26109 13431
6058 3775
18824 455
1012 25069
19653 28077
1978 30630
32612 10698
590 29481
7792 31988
5425 10406
13442 26749
26080 3235
2613 12984
12784 12960
31449 31418
26973 7926
364 14686
17184 28677
4550 21388
32767 8846
4627 8634
20393 30046
2182 4274
3074 12333
20812 16278
16060 20933
28863 16162
9511 26983
21981 22066
9802 8042
8440 28548
28466 12581
17070 5310
10634 25615
1820 6835
108 13349
24911 25314
26487 16780
2811 22079
22562 16760
19568 32055
31055 30284
201 22766
25892 29443
10855 25035
278 11726
11166 20278
7238 9726
30637 3232
18449 8485
20468 32708
7906 17272
24929 1069
27979 1912
22060 16377
29013 22738
12228 13788
9236 22147
32009 14440
16766 63
16571 8843
637 21268
7218 31065
15682 6475
4688 23307
24541 29071
30389 24392
30986 20817
23857 19620
17230 1642
7551 18279
26179 31746
16176 23951
25136 18097
25061 5144
23005 15333
30145 22906
11942 6276
22558 372
8909 31442
10367 11784
30229 13204
27078 18887
12428 12918
17320 30542
4008 4522
30813 6673
18837 1234
25244 23639
6862 12064
4038 22150
20971 9403
19042 15265
19897 7013
10441 12047
8592 3676
29730 10142
21473 22909
31633 967
27407 4015
10156 13108
15488 4223
25135 6527
12787 8456
9712 3645
30996 3094
19221 7739
20813 3467
25476 29191
27616 3329
15259 32178
4659 27568
21282 24021
1642 27026
25213 1490
21051 26054
16422 9052
30718 32307
14939 23354
14852 21101
14612 17223
27690 28124
15416 15806
942 7451
2576 6580
22849 12958
8700 7398
20829 32408
18277 23221
24280 32283
14578 31855
5050 1409
26623 24272
13388 27148
17483 10441
113 28361
28656 16255
10041 30906
28569 15255
6324 20019
10991 17329
10756 25989
20820 28722
16310 1754
30420 7239
29267 17760
32088 18471
24881 5034
7709 28824
10127 30547
10085 32692
10209 8164
17005 15085
8553 25847
21918 21071
17415 28573
22279 29957
13906 4862
8971 3871
16871 6207
11095 5266
6658 425
4632 32128
28747 2311
1386 22458
19442 23887
28435 4484
22269 25477
19569 24984
5601 32477
17073 28781
15696 9248
17218 9912
6739 15440
21641 17716
16536 6799
21207 10654
29453 2365
15768 25860
31406 12897
25805 1856
24474 26442
2748 17344
14445 2934
19941 21384
970 9906
28473 14457
16439 25219
18567 17875
13870 30405
1847 4601
10352 18834
32570 13684
24221 18021
10817 31547
15874 12415
10029 26161
25778 29834
19911 12272
31448 15741
10930 9413
11851 20671
30622 251
3171 30095
25533 13149
11788 27555
16507 10486
27160 13583
26218 1563
474 14185
26235 28844
31728 30763
23412 20374
8544 30808
28574 9116
20711 29539
27326 23896
7309 1356
23623 21628
25981 31756
13774 17502
27156 22579
27070 29108
31288 16592
25165 23963
17899 28305
25775 10719
31263 21035
13449 4726
8140 31228
2984 8269
28993 31471
14835 31048
6584 24737
414 29060
4908 26818
929 16863
5743 3517
20585 1978
20855 9371
28877 29181
22520 4644
31555 16220
569 23368
2388 29145
11808 5310
8525 23434
5774 30187
26680 26781
13555 4869
12298 19097
24857 632
13854 26854
9028 29065
9698 14992
27773 27705
13265 27976
10539 23660
25761 32172
25059 1098
21693 9416
24193 30694
5109 16092
32632 23069
26996 3935
16742 24770
5107 1605
7916 25592
23085 27262
17596 31966
32659 3519
19443 30578
28992 28036
28330 7087
16175 25942
27335 4601
13740 22089
1817 26299
11016 26570
28325 29007
21905 17815
22074 8734
15809 32527
8268 31752
8374 27564
29439 15622
22242 14542
29825 31245
4868 1210
8605 12854
3415 10978
29325 7453
28425 9575
16912 14470
4590 10204
10941 22855
26742 22349
20119 17250
8669 17279
15585 3441
24225 1402
27188 21319
2361 10053
28366 31700
9988 14577
32557 5705
13696 14040
21213 4733
26556 9511
28046 22671
22544 1178
32361 974
523 1159
18852 17621
6317 5662
20564 12026
3286 17647
10883 29930
22527 30893
18307 22669
24360 1073
2177 21040
529 9665
26973 13026
10925 23699
11194 17950
28884 14221
14417 13995
9784 335
10890 15041
24218 28019
14925 19309
18494 11027
30741 27446
26780 140
3911 16385
4440 21634
707 1074
8564 18469
6072 4884
26309 18098
25276 5243
13219 11836
11036 2984
31973 30124
6256 19820
5133 29703
24179 8593
20927 11503
23314 4981
17528 18029
23235 13816
14204 3053
30488 24216
9744 8842
17300 7131
28394 21132
15549 27374
23526 2607
11634 28811
20986 32167
32383 14623
15724 2144
9327 17453
3650 13194
8098 24301
22779 1493
17055 4666
28540 121
12970 10155
1613 28026
22170 2559
14853 25386
10213 1214
2307 8431
6653 10013
5471 10566
3039 20002
17184 15624
30696 6666
1712 7149
21995 21224
30605 11854
25474 142
31552 31791
18081 14768
7315 5500
15985 28231
25343 20371
22107 12596
15972 31747
20322 17702
23293 31891
13239 28861
29074 22663
18567 24048
26607 14110
21016 2220
21910 25439
24084 189
16561 15637
2085 754
10058 15129
27841 11644
10430 25295
15944 21400
25455 22771
12364 13422
23226 28566
11567 6456
31017 21859
2548 7846
745 18983
11343 11649
3198 31889
22270 26256
18869 30006
4188 1464
18650 13015
22324 102
28204 23527
6611 25394
17294 10568
9057 12988
28799 28246
29553 21466
28236 25126
13270 16118
19588 3599
16568 689
6573 1386
30440 22988
17461 19095
15473 22601
1964 1345
30576 29645
14896 28130
26405 27465
3624 4745
4937 20953
7221 22747
17826 16621
18789 24919
16854 30118
23978 12255
12157 23939
24203 15732
27257 22076
538 22338
11658 9454
20006 28380
19229 26745
14257 16328
26725 2854
22180 28222
28333 30606
450 813
9965 5303
26331 27007
13211 19839
29506 20638
23747 10046
8321 6199
25178 11175
31050 10558
18640 10735
27313 24626
21476 4914
13721 27810
9148 30226
5228 18928
10293 23969
26896 13653
24184 6017
1814 17701
3278 9545
28212 1364
28853 23851
2293 15674
4915 32212
17327 17043
14186 14740
4022 32202
5997 31935
9935 887
25426 29523
8935 26406
13960 4570
15877 11098
30571 9618
20094 29393
21782 12236
21352 22282
22392 4242
9552 2053
13739 17548
7984 6474
26240 14885
21403 8236
8031 489
8763 1871
13646 24113
16765 15208
5199 30211
4235 5444
16623 12084
17787 9484
6172 29647
19397 17095
16695 26299
26363 2080
1642 19351
28084 5993
1852 9705
12490 21473
31074 21368
25285 28466
27608 9718
5014 28734
16433 16354
5257 5915
20012 14509
22645 16988
25991 19484
9269 14739
8728 6381
9052 276
17945 12989
13605 6907
3780 2857
1449 22896
14112 30260
18261 9769
7450 19944
8346 25393
15575 31041
8678 18664
30281 23110
22484 25932
20736 26489
19872 8310
12867 29809
5085 27239
14688 28102
8042 30213
13888 3117
5282 9569
28222 17124
21203 2875
9017 27985
21489 9672
4328 32742
13452 14003
21614 16455
30720 23649
29231 18607
23788 20601
28129 23184
21989 28580
10470 17529
31339 28305
31449 24381
1051 24637
14439 26194
11303 29041
7264 12151
32004 32140
18189 1433
27746 24706
18373 11000
20833 10789
25787 18054
2818 5795
5402 16527
27355 28752
24916 21151
14352 16038
7606 20129
24190 26250
13121 24900
7737 8145
27317 21411
20281 25603
28142 4132
3408 14943
29555 28320
24671 1311
18509 3013
13514 13309
11285 12217
14377 32757
13137 2048
28225 5197
9217 14496
4658 18643
116 2179
6129 20838
13408 11548
25081 1719
6194 31054
32574 11345
16035 29577
1379 22487
16524 5942
23340 23949
31483 17749
1846 26138
29574 10340
22246 4493
22239 3971
29087 19357
17833 1239
11320 13621
25482 9004
12461 18224
23682 28382
19988 4705
21627 13817
1235 16598
29985 15263
8977 15453
3571 12970
1386 7752
31386 19347
20455 19566
17274 22931
13101 26482
11400 21255
4596 28232
9819 12569
6843 15092
21893 29341
10682 15509
9251 17977
1817 4771
4531 8137
21855 28021
13606 15617
17453 22534
9526 23892
23340 20216
15098 12565
28996 18649
25272 17373
9231 5030
28410 26156
25485 11149
8676 23123
26137 28407
24772 18577
6299 21446
17899 15996
24320 475
1212 15778
14567 30428
21506 7537
7837 5940
21127 17492
10828 20571
6626 31775
24943 12375
29584 26029
12937 5763
25670 20423
31511 24975
390 30024
10691 16072
17777 26239
20698 32409
21724 8661
15616 4690
27557 8112
25635 5929
25415 21911
16557 4735
1965 29846
27902 17252
11844 26340
4889 11612
17236 20675
1181 16483
16784 6312
3832 16944
18412 15004
24535 23735
16814 27362
3552 30193
21704 19418
6564 13535
2661 15141
31439 22477
26050 31242
3490 16340
23871 13592
29860 21922
27062 12045
17044 11134
8203 4855
161 134
2308 12697
25822 2363
11099 11792
19696 8512
31762 23991
20745 19039
10503 24391
795 7373
29128 11587
11845 3247
680 12179
10898 10460
1555 4206
6370 14053
24606 22654
6952 20563
18530 5695
23766 25903
13835 5289
32662 18376
21036 25870
16443 9648
25686 16453
26615 4616
28008 776
24014 1277
25768 18843
27722 29843
19219 28334
3953 27298
2290 29061
24308 15389
18862 1878
26793 17818
18917 23539
3899 20751
19389 17832
16673 2266
9593 28775
7116 7173
7754 17442
20261 30663
3431 2681
21814 14926
28511 6037
21031 17083
26030 31316
12397 623
21647 30630
19774 29573
4882 21815
18760 22687
24942 14158
20898 10726
6552 5621
29955 21324
19989 3418
22834 10261
19212 3445
25789 12181
11679 11499
12526 12091
1403 9010
22523 5582
13486 11766
29565 11255
442 26044
24355 11776
4071 17862
5032 13019
12765 27446
11778 1126
19057 20342
30429 19693
12224 470
32327 15856
17530 9335
8109 5159
15233 12393
518 7364
14771 17680
26702 8184
18947 1740
26166 21688
22479 20696
19738 16833
9070 15987
25907 12250
25864 20286
18190 4441
4522 10982
26940 744
30361 18434
13900 18825
7911 31295
16118 29144
14149 11194
23705 29840
25624 17837
22504 1105
15823 3150
26591 26785
26483 29172
7421 2608
29567 9596
3245 5216
2803 24555
20741 20484
2724 13652
12466 7016
2774 27901
819 9107
1292 9405
9542 17096
3103 17320
4512 10323
19086 32751
29153 11650
15125 31745
15303 31729
20353 16118
11938 26890
31170 3118
17672 10957
19266 24117
28361 18893
7797 2282
10021 29819
32434 18145
15165 6055
16961 13829
21704 24644
2741 1922
7431 2668
8059 26338
3067 8612
22196 23669
14293 5728
64 12023
14510 19658
1819 2157
29816 2239
15597 25168
26421 23322
988 31981
15207 29750
19109 26124
18119 32686
3819 21200
16185 28007
22991 20702
15360 19409
27328 4801
22318 5993
1172 23438
863 9091
4312 19907
27047 70
3429 8565
25545 504
30772 1451
26282 19836
11636 12549
28933 3608
27609 26017
21087 14460
29494 27710
24126 32512
29006 19106
24470 23342
12520 14650
24708 20608
16161 7169
6718 19562
31494 674
8523 18331
17250 29665
8687 3201
14037 2103
16618 18187
14886 6076
29794 16818
14554 32587
26909 29626
21510 16608
18419 17589
29537 836
28547 10570
27805 13549
30246 32052
13560 22047
2081 16013
20750 11864
30239 3661
30449 28907
2014 6670
5755 5355
26408 21266
15331 25674
14085 5766
143 1602
11055 11016
32297 2292
13254 14184
30709 11856
4421 5803
11874 52
25781 11606
4319 28632
4128 9193
16879 1129
31561 10921
8576 23796
4250 10914
20857 2438
1630 2029
26770 32658
18480 22831
18280 11666
5299 14434
17361 29169
9092 4312
7788 31017
26477 3708
30333 18217
16604 4700
12280 28665
13459 20580
32732 17312
31392 31340
4802 28998
31120 7286
438 26006
480 3632
2373 26726
23988 7617
14039 15770
2251 22465
64 19781
9395 4233
31121 5906
32057 4782
7476 29923
12580 5832
23096 28855
21283 26744
23785 12753
5891 23721
17828 17687
24357 32021
16873 17592
15920 3339
15282 8977
16643 19312
4867 7378
5358 5637
5571 5724
24097 20967
10698 26734
21092 15708
23867 24577
27657 3788
20756 30064
18719 1294
12803 32476
2793 19686
13180 25039
18831 24523
16648 2079
28690 16365
23008 7190
5253 13686
19130 20431
8315 28944
14819 13283
23996 14248
14734 24902
15164 31602
21612 31339
24141 1582
18556 18351
21523 6313
25637 29428
30520 9094
14722 9868
24034 32062
7165 4954
25570 14694
7199 8755
9519 1329
30118 21642
31890 11573
9176 6221
23202 12402
4120 4874
2291 1168
3767 10326
11659 28520
7692 16239
8853 6598
7111 3104
30298 16237
25730 24293
10092 8284
4505 16464
28964 5968
18748 23467
15439 31114
21698 31967
2085 9170
28992 9621
24443 22716
3675 32154
11833 21546
28506 8840
2829 14354
25216 6819
18785 13954
664 28417
26507 7393
14033 12526
11588 9335
25804 28302
3676 11312
2292 23236
9644 16284
10510 11347
23627 3899
21776 30787
4357 15864
10807 2951
21512 10227
3156 2012
2785 1667
2407 18420
4263 5500
7022 20180
9846 7597
15487 18043
18463 2221
277 20932
14622 25048
11432 13709
24013 26772
29824 7449
13527 6105
25802 32179
1262 18160
7148 23956
4801 18298
20502 519
29480 9397
21273 18635
19874 26619
2173 12473
8962 1675
461 21926
27749 23692
13622 25483
9831 22863
593 17636
7319 16597
31036 4181
2344 9873
6127 31123
23785 1390
29133 18818
17271 6420
30074 8603
14256 23655
17645 3729
15468 20817
21446 11828
3432 30146
16353 27797
23683 2549
6187 7275
28461 3060
1460 28341
12316 3166
2822 3489
2368 16488
19894 24237
6650 29986
7736 12300
7561 18428
12791 21835
5573 18568
17317 30516
3599 26497
3536 6899
2696 22285
21431 9335
30593 16447
27739 22555
11571 29152
985 8070
23472 27759
1782 5583
29466 28518
27900 7909
23571 27583
21445 3631
5236 32695
8725 8303
1090 24530
9261 19692
7902 20767
22172 12752
9339 6333
21337 8143
6101 1182
5391 2313
15393 29067
1208 22322
12095 29288
1389 27888
29751 31930
29308 22148
483 15974
17340 28077
10729 187
19485 29897
27629 15539
18051 27966
2308 17526
9429 11544
27499 9760
21840 30708
13945 11204
29218 7964
4818 7345
3892 27891
2782 9204
6727 24468
2937 30
322 30390
23788 24647
4810 6355
10268 4690
19732 21385
23554 26227
3831 31552
1883 27631
24390 28173
31393 27427
15964 32214
17977 16584
13816 17847
26862 32373
6988 28325
17054 29797
14160 10065
7987 2171
18780 21327
28117 32387
6134 13688
30815 5563
1001 6541
12047 8082
20887 16669
23681 29615
7311 6056
21982 25909
10594 29188
31569 7494
2483 23808
7354 32454
18062 16200
5799 30561
1275 21128
15232 25039
22738 14292
23809 23894
14800 11080
2541 16017
20203 6891
21505 32113
995 9433
12839 17537
7450 16546
21229 1390
15781 6125
29493 14022
5027 21089
3374 7936
7885 22725
29571 20669
17743 21349
11474 15437
10967 26552
9055 31349
32235 31041
32010 13423
12159 29107
12158 19763
18631 21592
9388 12277
21322 8371
888 26607
1848 18533
28849 25952
13309 15437
23623 5077
5910 21747
11960 9639
5411 6695
27340 14533
2366 11749
6018 14515
7820 24188
1610 8659
26641 9199
18804 2532
10953 3228
28393 4552
3572 23835
21273 9354
9649 26473
8244 10143
3022 23878
19869 108
31455 8667
13212 4873
8077 24224
1875 7749
5169 24445
21235 6378
15010 31280
15919 29762
26698 1262
15089 26585
6272 8269
27212 10885
6418 22625
19891 15524
25888 24869
6248 10149
8753 29213
13622 22218
29568 1338
21603 27947
6039 31998
5601 15615
1055 30176
9156 17431
29687 18162
20729 20907
7043 30145
4148 14681
30535 8573
22314 14187
26804 10586
16897 27225
5441 4661
2820 1422
15294 28539
10908 8559
29669 21319
13179 19610
3123 2506
16155 17003
31222 9200
32359 27333
4006 5440
17080 1807
28024 26885
4866 12412
24625 21163
8528 2960
8760 7531
13421 21728
13040 16171
23012 11033
14404 4767
29739 14915
7812 31925
31004 11335
27247 304
29860 687
29073 2706
9151 15790
27855 26944
15268 29792
6464 19937
12604 16978
23358 17159
5337 11845
6077 27153
22053 28207
14300 32592
1113 11395
2746 26984
24239 12978
31115 22521
18713 7410
16875 13695
31027 31550
10865 28791
28534 926
25992 24516
4271 14760
5754 18000
29616 12103
11470 14838
14150 17083
2516 29088
29803 32225
9342 16044
8380 31413
8049 13717
29997 28949
1372 18895
11515 20936
8073 24818
12514 4798
6834 8475
657 4249
28181 32399
31835 10605
14538 19618
14639 29892
2389 21976
14538 15590
17272 16201
5163 7511
6219 15178
22087 27296
17550 20297
19711 18258
2365 12537
26191 2633
4709 32432
28104 23086
16439 22285
15936 8767
1626 5085
15304 17491
21894 11327
10718 11288
17231 519
12772 10144
25662 7777
11729 10524
3110 8631
2855 21991
26805 27348
23077 1734
10826 14665
23869 7534
12038 20239
11464 21318
25638 21871
17145 25967
20880 2335
1039 16898
939 29102
5839 6808
18292 10273
8498 16
27855 28895
15707 27532
794 11466
15051 22717
17416 26031
32728 21857
8365 31200
8027 10761
9429 11039
30378 32
9370 5310
26566 10537
26678 19717
981 27464
18965 13780
14802 30468
31535 16521
23939 27211
24980 10532
6827 1206
17736 27818
10370 28943
16210 32455
20834 18449
7952 694
8899 12398
14797 2918
22889 16407
22677 9941
24028 695
14408 14528
25881 18816
20462 26751
2439 10283
20810 9771
28716 17210
6066 2817
20001 21377
31006 6411
25155 740
11646 7677
14124 1634
16465 15709
16738 6483
16499 26086
11725 15853
8758 13871
29807 26381
1973 5256
847 28469
25445 32292
5558 208
10477 20862
2974 21438
56 6133
21864 25612
11976 4793
18381 1539
11085 3819
27671 31589
3958 17664
8337 28147
23559 18279
7484 29490
17196 17515
12483 32111
27916 8026
18865 24065
27298 9447
8162 15566
19144 24269
4663 10513
1429 19125
3214 10074
12777 30810
2546 24790
14662 21227
1806 22480
32226 6577
30952 17784
9978 19441
7116 1251
1896 3092
11909 12116
21112 15877
28116 19898
4856 25819
25626 17273
6286 952
24920 22125
20303 1520
12121 30764
13708 29294
22062 13452
25583 28244
1243 26982
23495 21218
29264 11161
4001 23193
19099 32081
23064 10656
31835 14729
22254 13670
31352 22734
21083 20361
17937 29510
17060 22519
21686 9202
32752 23123
9944 12592
11864 6810
8829 7812
3645 21766
1592 2967
9950 13618
2137 1152
32553 18560
30305 10051
22738 28600
26809 17047
8611 5105
24227 20973
3859 8885
22128 31405
6169 5472
13812 28355
16706 1993
5943 22618
28418 8740
19821 13031
12871 23079
13864 13674
17236 20332
10957 12785
7885 18199
9796 3677
30990 2744
29428 14952
31681 11891
29935 18151
432 606
25705 589
17623 13098
3183 15985
12990 24070
25046 9105
23302 7104
1649 13462
11329 18221
3207 26777
29447 716
3715 32167
20294 16806
28398 26817
5081 22392
21659 1831
17500 21524
14113 29911
9535 11781
3982 11344
4634 114
346 21403
3648 24645
3994 23180
17303 3211
12918 20038
25511 32286
24797 1533
7920 6786
25208 3328
9857 3598
32220 28150
27590 4428
22275 17255
4770 7586
4605 12671
18877 21809
3555 11535
32032 8701
19469 13269
5887 20558
22404 23037
17109 10327
16570 20711
26295 19222
377 19243
18145 22139
23834 25051
1942 5324
4343 24328
295 15176
26915 4487
6737 31755
3416 3572
7371 28465
6704 248
14368 5950
23192 30408
9915 1214
13698 15342
10560 23848
9179 15180
19491 18696
17085 32094
11123 3421
21989 11455
10486 21568
20071 17391
18555 26823
10656 18515
9836 27177
15469 13949
15523 14883
16026 942
27006 10906
10910 22681
27958 11905
17797 26986
20844 4605
25389 3847
28421 32199
15029 1430
1592 18899
24371 29759
7397 25391
12453 8755
5929 18733
22827 31981
15919 26052
10867 21432
10569 17716
28532 27761
15679 28905
1631 21902
13799 29090
22226 6495
28149 15570
30799 13972
22805 4422
7406 512
25655 1801
5198 21916
12330 22149
31441 12495
23149 6890
26889 11756
18498 5076
14189 28925
10243 10792
10833 29631
7353 15422
6677 21229
18411 30022
27548 193
9652 13284
27903 185
28440 17438
27267 4247
30360 28792
4041 25259
13060 11869
26949 19796
27793 27073
6641 5061
16428 13317
6467 11269
27917 23067
3420 9785
8334 9706
5506 6438
13374 20212
6352 14322
4657 24118
27948 29994
13211 2383
27258 22282
28061 18661
15887 24824
95 11845
4713 13905
7263 15433
24349 23144
21001 18303
29968 12748
8071 8583
6890 10442
4314 5053
19912 9011
9770 27929
31282 6496
29786 10067
16716 1650
13280 26442
7760 3038
12756 23718
59 28202
22342 17596
11207 20209
15061 5299
31130 18477
28797 3813
17597 19638
2993 18312
7503 29189
1962 23694
4987 1854
2558 25801
11943 7534
13172 23123
25838 25872
29463 1069
9937 1239
3977 8998
21289 19879
23194 26111
10080 28644
17177 26828
32737 5616
14571 17309
31949 2031
5977 27742
24304 15566
2478 28668
12531 31875
7682 18122
4307 30614
31313 18466
11666 30688
26576 335
19756 3731
10368 29610
28364 25466
19203 32260
23872 2434
28847 30020
17834 31866
14817 12369
9849 11287
19603 2867
10904 14395
10545 9589
17637 17014
16809 24525
8165 30926
1730 23807
13750 15803
24494 2558
9285 4470
16354 29012
4545 8307
20261 24005
13647 6956
22503 4143
22527 15137
28629 3253
25086 6429
3754 17180
18446 14522
1864 5749
27956 27943
5895 2045
19632 31529
32589 2369
50 7264
23903 14726
30283 18380
13430 4711
27938 25488
24086 18368
1384 17397
21659 24267
398 7089
3093 16521
1333 16746
19797 19300
26854 28278
18248 10258
30211 23269
19076 26044
7933 23233
25377 8544
1992 24724
17610 15476
29324 2347
15635 26316
25758 5274
8205 32701
6062 28800
25369 4739
2882 14220
23033 29152
19043 19008
18989 14086
14741 25845
18556 10167
269 22304
5329 18347
26399 16339
26696 6450
12022 29575
27017 20762
20359 28440
15189 467
5831 31761
22878 465
3356 27178
14172 4402
11538 527
22109 673
17232 5475
17500 27514
2762 20485
14870 7982
22840 11922
19225 31210
28614 15915
23582 15987
17421 2424
21400 2901
21826 22252
14477 11068
25005 7243
13221 17570
4189 19306
9857 11434
25371 23607
19789 24908
1180 14328
7833 28339
18171 27096
23908 17379
26214 14495
4474 15007
25623 3521
23041 22154
3461 19866
20046 32652
988 1272
24829 15223
22443 4058
31040 10987
3293 7543
13943 19831
6891 13698
4609 20736
15696 8877
21330 28775
10300 26220
2630 9574
30092 6651
949 12731
24058 24738
27720 17289
4753 20280
5515 14587
19045 27878
4419 18218
22656 12589
5889 2113
24095 9002
26615 13535
27935 32281
9483 3260
11954 32537
19242 12944
25174 16430
18911 32560
18696 17548
26660 4090
20660 6675
27512 5236
5105 13334
13617 7984
491 25440
18964 32243
17056 3961
30755 23829
11088 5413
3766 14891
22318 28206
23757 27108
14428 1635
27045 13617
13590 25057
7049 20905
9518 30865
16619 14635
17336 27378
12211 9413
26886 29721
28375 11988
8407 15606
7724 24685
28875 29912
4220 11772
25370 21299
19416 10027
10630 26274
25647 24070
27790 21800
25632 18780
6885 29115
14349 9832
19746 19203
20337 7600
4537 5983
26739 12078
13610 8745
14779 10670
23160 7739
28292 12663
30685 433
10482 6701
3004 20209
32422 6134
7639 28393
9105 3036
24770 152
14085 28531
1944 16848
26386 9147
9196 30010
24079 10055
8194 27034
11895 30623
10559 1620
12535 8676
7903 304
2244 18098
22758 8538
16946 5450
23385 13229
16259 497
18861 5168
26620 15251
11904 28897
19775 9388
27527 10674
15060 21353
26056 29138
25609 23818
16905 5677
9212 28810
17800 3382
1014 1154
12012 13284
31738 7243
7036 23546
8606 26722
19599 3980
14618 17937
24899 11711
23711 25164
22642 17616
11754 986
28386 19800
17944 16565
11708 10958
22460 8882
15680 5453
14127 32612
20406 20631
15655 1854
14504 21595
14219 20473
1102 18867
23686 24117
9034 497
29659 29283
32406 19099
10872 7394
1978 17076
17485 23912
6466 5437
8286 20900
15215 15612
17175 14114
8493 13692
23264 17518
28997 15701
29426 7548
12244 3501
18537 26439
23548 11007
30106 16057
5593 13084
26534 5835
24758 19567
21072 16877
21889 6788
5643 10920
22909 23500
19543 32642
11575 5274
28238 22050
26555 27506
18810 2484
12807 6787
14058 22671
22208 6770
18565 1301
31268 27225
24734 32219
3648 6416
26568 20747
22371 29611
5355 28422
5330 32067
31639 77
8637 5114
21657 21153
8818 26425
13516 8553
4561 9020
9778 15701
17152 30161
22339 22337
11104 20572
21637 29276
2239 2847
93 16777
14287 19896
15653 29701
20182 24811
32126 13642
20648 19874
12008 25652
3027 27954
12944 17763
31257 20192
22632 13536
13347 5796
4221 6915
19827 14637
18054 10388
11419 14628
7096 7728
13228 18869
29410 8942
19698 31308
693 28227
12254 20380
25187 18723
29252 28134
17517 10857
14791 14456
21429 29305
8593 2676
26331 2596
10311 27858
32198 26828
14907 28072
15745 17864
11236 31913
24137 30985
14476 28908
16356 20222
22857 7152
6196 21430
2094 3548
28683 22853
17346 28427
25153 15720
26289 4807
20740 12908
10178 10069
1392 3915
22025 10035
27999 27417
9566 28573
27523 1950
7950 8277
28082 20293
2768 10404
15744 27189
25594 9628
16147 11965
12020 30113
4659 28917
17133 9512
18849 30114
23502 6333
11434 3163
2156 6219
14075 5354
18690 8088
19127 29685
29150 6159
18631 15070
9818 24514
882 1767
14 16815
16173 23450
13892 17218
13748 31848
22956 27420
20313 2448
30802 25875
1692 25666
15820 10106
10749 7684
25528 32162
28686 30550
1638 7072
4556 12689
12753 8017
24367 14357
15060 8860
512 25763
14490 17143
25323 25352
12887 16941
25813 30716
21813 9310
27248 12105
18066 28487
23052 13616
26216 28355
5040 24328
5644 8850
3433 10024
22300 14682
2530 8199
22194 15595
7477 8866
14558 21447
29697 15390
14420 15330
4285 7855
28257 25254
29515 6584
22308 15930
24272 23860
26106 19460
12740 3156
15930 22637
1093 25449
25635 29668
177 29957
31250 14629
10867 16989
24056 18619
1821 13042
15116 7619
23992 12145
25533 8180
87 25559
2027 5852
21491 27864
6998 25196
2674 29826
87 7351
17161 542
19150 2295
1220 343
12123 29649
18275 17566
29393 26842
32360 1740
28135 24921
23150 12297
31025 20559
13500 25069
21839 12212
22810 3814
25445 29444
8676 8410
16843 762
6748 29453
8453 9883
6980 9028
25845 32119
5549 32299
26191 28460
10 2804
26702 13355
6536 31297
5797 23487
30626 31812
8121 29515
4591 16932
16141 13011
16447 11939
19453 21181
24295 31231
8368 28377
3417 19733
27976 6816
15096 6092
19291 2745
30250 9905
9639 30658
12718 15327
18433 7756
29744 12066
11151 39
9754 22876
21303 19169
29102 20263
19543 1929
26962 11963
10167 30648
26666 1299
32444 17363
24812 3659
22750 24202
3824 21837
1371 16804
15751 30380
15661 26623
6542 2768
8506 10450
16707 31572
26828 22582
1623 18348
21568 20709
5700 32011
14338 19265
31968 25987
13241 9624
13618 12911
27070 422
15493 9742
19155 23387
23484 112
18962 31967
6885 13206
3363 29652
4881 8917
27826 27611
4706 29051
22816 4697
18021 9397
30585 26491
24738 7344
2727 8311
26994 10495
31973 32533
13585 15421
7542 17007
12020 755
26262 5364
28509 25019
24497 7091
20268 7846
28627 2775
28152 14812
13408 25453
24158 14722
12293 15982
27801 27873
26094 18681
13139 27332
13625 21984
29371 20257
2219 10342
24024 31740
11938 23623
21021 24969
27979 3833
11581 4497
10005 11826
13633 8726
9062 4010
18135 9018
20364 13858
15853 11357
3062 26533
19582 17542
22948 30990
13228 10756
31708 29386
4880 15701
25119 29407
16974 4934
28251 28717
26860 29276
27490 17140
18532 16243
18331 5783
27767 7589
26615 10400
13765 17773
10023 30979
29339 22284
21773 20391
31244 11308
19056 15138
32067 27844
25843 27845
791 27451
32584 5592
16864 3024
14753 10790
19337 15161
9831 11197
16359 14474
12079 25583
31049 13913
17898 11676
26449 5920
13915 13492
3074 18658
11215 20215
20249 1042
16136 20991
7073 29104
8314 2689
31682 31925
12986 14544
9946 21169
10547 13986
13775 22451
32539 10775
29091 4457
23205 27127
28744 19848
12408 30523
29622 1902
15201 12240
16188 20743
7236 7831
22291 17133
13913 3248
24121 14291
7060 14328
1660 22307
7525 21200
18133 13030
21922 12577
19448 31973
15298 18077
22313 5901
6731 23111
32593 792
30861 4917
2129 30058
19601 17044
17558 3897
2381 3822
13550 1009
23833 25768
23194 11735
13415 20431
28580 21996
21678 8980
31091 13076
9127 4116
27036 25719
28348 5341
16635 27432
18110 25262
26883 26373
17366 8703
14162 6878
17854 14273
20360 31705
1072 28647
22362 20500
927 12581
12514 8333
16934 7672
12089 575
12478 18150
31048 31374
19635 20999
3803 741
27993 15300
9207 28574
6651 5343
18030 15906
31764 25012
432 3665
16833 32446
29924 19236
1143 11868
3896 18064
2033 13269
26229 19630
25965 8090
23510 29210
30488 12492
794 8601
6087 28670
32728 11518
2791 26428
19731 25934
8375 6988
8974 32290
27317 10803
28513 16461
5205 13052
4941 20415
13305 27316
23629 2217
10270 697
27373 14306
21715 17461
31711 12938
21872 1253
18252 4333
30340 22815
27240 4265
3087 10003
3913 25108
30706 32593
18169 25816
29859 24203
18890 6112
30757 15516
4585 16504
17208 3274
1078 3247
28877 4936
6995 13568
6588 13311
18683 24882
24761 7823
406 21629
31365 31632
9738 9454
1633 32541
16339 525
19144 1171
17238 20156
10845 6038
19570 4706
25891 3669
2393 1353
31212 6415
18334 15429
15380 27351
22415 14231
29038 24468
14788 22800
3199 17227
19192 1402
22250 7841
25112 30003
8236 11419
5274 30747
17545 23977
5392 12464
8262 3043
24573 2680
17177 17554
10983 28576
30686 19186
18861 482
29835 14390
32283 23212
18022 23757
26044 5758
20086 18148
31215 12179
25143 4652
22077 27589
25746 25821
14570 25003
27403 15867
29130 22788
17213 30936
13142 2648
27779 10714
31231 476
23033 14462
32195 10647
4259 23197
25085 16067
30187 21742
6017 13942
25169 9421
9448 21889
19550 30522
18729 32664
8153 4389
11370 436
5438 3305
4885 23478
7532 4374
18221 19789
13726 25715
11235 10777
14236 835
12132 14609
31283 6600
3830 8994
21986 2054
8515 13592
25046 21193
6900 30914
32025 9705
386 26961
30726 19405
16457 18178
29184 15918
5087 19965
16227 13341
16291 21628
27579 20808
16793 5167
11316 23161
30837 8928
22098 4959
28661 24147
12002 10641
18292 20336
9521 20688
26301 18595
20091 29836
29981 17284
13734 8874
18108 16819
21296 4997
13356 13574
16743 29491
4163 13031
216 20489
12326 30455
24841 21089
14759 30968
24939 8602
11217 6633
7818 6753
21952 11378
8071 14895
12215 23683
6088 25619
19052 14905
28910 25266
18598 27649
12551 19340
5898 19455
4357 10113
22066 29873
22384 1171
11008 207
19287 21741
26930 630
21388 16165
19510 30086
5649 17342
12863 12617
11213 23537
3480 7509
15491 30124
57 11699
5893 28892
21912 27200
6565 488
20161 1364
32493 7549
29865 17826
25232 20881
25791 18271
4767 12194
19397 22695
256 11327
734 29980
26909 6090
744 9424
32217 5244
8715 16997
13256 11689
20370 27762
31647 29766
16890 9769
233 17576
19273 27447
16636 6542
18338 15084
3628 4194
23061 24220
21310 700
27579 28485
11040 22824
8451 24177
8407 31529
14663 1630
11192 126
3235 1373
15323 1955
7174 26744
27341 21915
26505 26967
9349 8941
32512 17253
23705 14829
207 25646
9138 19004
31488 31499
12606 5522
25234 11266
13668 22971
5395 27112
1853 7136
6257 15304
833 14600
3341 29065
11775 24542
1553 3018
28434 22453
15364 23313
30800 14537
19867 6693
11588 31176
722 1976
7903 30353
17980 17225
28522 21563
18583 29001
12991 26201
676 27261
7865 31100
2358 31395
8169 9978
26504 29272
9866 5614
29651 4153
16311 19840
21024 1353
20188 31847
6491 6291
31595 22956
20138 11792
9936 688
11005 13514
32422 31344
24293 16450
32555 11784
18601 20751
31217 8822
20631 4297
29911 12193
24472 1317
30008 27802
9223 32353
2914 12577
6339 17635
12874 20587
643 18973
22398 28962
22378 24755
8026 9902
17628 16352
14719 12211
18319 22038
22913 32218
2533 12004
10208 27349
31865 28701
16186 16029
23799 12855
2494 27390
7986 14321
4836 8278
27760 18744
8539 8090
11528 13644
11587 28057
20528 16415
1693 19333
17936 32510
16384 6319
24603 26738
12685 402
2974 7017
10277 8211
6809 8593
5337 28935
3791 12549
20641 17142
6937 12587
18513 542
20223 1756
9418 1467
8329 27590
17261 17030
18515 21775
4822 1660
9184 11579
10182 8672
4656 25936
7776 8579
32405 8504
7065 32323
3522 870
746 26066
8485 23485
13383 185
9335 15789
26197 22940
22929 16799
28888 18879
5761 30099
7018 3785
10717 16647
17523 28104
22871 16411
29781 1910
11922 23028
12519 16827
1588 5726
9509 27250
5437 30389
28966 30576
22679 22021
13902 1986
8941 5232
13252 2615
15553 4560
1830 11551
19129 15262
25980 31569
28218 12819
24683 19059
21560 18572
2988 24181
9805 25907
5820 26207
4616 988
11988 13901
23175 24621
15643 25271
10312 2818
21787 8438
2876 28431
26481 4356
25373 2248
3273 21636
8706 21885
32010 5890
7473 15818
1742 27515
24628 32558
6933 8992
13871 22778
16698 343
23920 109
1830 28931
6472 8221
16835 7941
5657 26264
12723 7683
21425 26700
24643 30567
2518 22692
18586 19883
15138 24180
8503 29653
27154 1943
22938 7741
9305 8151
8256 4246
22650 28428
1237 27948
10645 8840
2726 2411
13697 26035
16213 27553
284 28147
10704 22021
32479 32207
9603 759
25526 9043
32205 30345
15886 13750
23985 2367
815 22074
26575 4115
1740 30804
2706 17852
4312 13581
25770 22832
1436 28072
19901 17768
21511 389
22361 22115
7749 6981
23086 32621
20627 22831
25466 26273
6737 21714
5828 18861
32088 19948
22477 8149
26511 31883
20676 7483
2745 20082
10425 31581
26257 5054
32340 10975
14617 24266
31431 21131
18735 6991
4353 16278
16225 8400
15652 11044
258 17461
22586 30991
16765 11446
21540 21476
15850 28666
29650 18991
22239 14720
21434 20729
31881 319
22146 20366
8443 5513
18944 6276
9413 31797
22629 29688
29129 28413
6581 7963
14410 30501
22907 25838
582 27742
25786 13385
4358 23273
29734 22306
14579 5375
1684 12044
12203 29553
16304 6910
84 2444
7918 27222
6705 20543
8899 285
11634 3200
11284 4493
19025 29931
13807 3792
30298 23212
13689 15627
11274 22944
13863 667
30876 21431
1585 24223
11296 15261
1860 10422
20429 29337
30584 32266
22168 15797
18049 32653
15366 5663
19241 17794
1342 22735
27902 11328
22626 6506
5703 24114
7711 7270
573 16163
24963 15472
15224 7352
25103 16138
24232 18494
3086 23673
30085 32166
19237 32478
32265 15310
27434 31907
29148 29187
31545 21016
25104 9923
26373 7774
31502 31687
14957 26501
1232 13121
17232 27121
13137 6754
1441 30466
23362 32031
13758 9972
24319 1845
11517 25091
26561 13930
3208 1235
16149 16918
620 9232
23693 7139
25836 13137
31669 28113
6171 4931
20040 14717
29098 19203
7844 31906
3838 28875
30332 32480
20869 1489
7629 11452
30027 18796
1555 9193
30152 18297
30140 21702
13565 9725
2013 23847
6335 30220
21540 88
4690 3049
21262 24671
17465 8814
21081 23682
14925 19886
3517 14601
26637 218
16343 29765
24885 11105
16230 27857
146 12635
31929 15640
28948 17192
29544 28695
19749 22612
25667 29541
18489 20926
27528 27248
5798 1786
18265 18185
1975 17139
25196 19235
1531 29653
30469 22487
29155 4650
24097 11692
2700 835
24308 534
22746 31449
4758 3644
20678 8180
12282 31486
7417 30988
21535 20023
18585 25454
6794 15679
15203 6626
6643 2229
15354 3723
6463 17787
27774 7182
4270 14081
30049 20983
19286 7879
21110 24664
15568 9501
30283 26290
24369 16174
14265 10777
11579 13884
15801 30356
3285 13357
23929 12227
15801 31047
7856 21700
8301 7992
23086 31574
26996 3417
9911 1599
5317 563
2065 6892
11644 22083
5212 6744
15824 23546
930 8495
31557 264
23983 21298
802 5338
14883 30173
15142 22625
18117 7751
10871 15126
2074 30283
24283 26939
2103 23781
12842 3939
26579 26078
1028 30516
1440 31916
15295 24940
12252 11924
9891 16674
5154 24593
1626 15439
24967 29049
25506 5516
20706 5854
31045 25373
1899 26418
19275 14127
1928 26287
15982 7518
9187 4214
17358 4474
10432 9079
27878 21387
12174 13968
31679 15634
20667 22521
17251 31634
10189 15327
27797 21583
23983 15951
29375 21846
11592 15446
27948 6077
5714 2151
30839 30508
12906 32252
21572 25245
24675 30848
2349 10847
14816 12653
11008 28513
1826 18866
2855 6061
9502 599
28519 27699
4563 26723
8398 17352
4826 30718
26342 24430
10815 31443
17199 23510
19855 9656
204 23587
4914 14737
27773 20977
18939 11121
18637 1686
12030 6147
21133 18855
13730 1577
27008 26815
5623 15586
12632 21627
5449 12401
16097 5833
15605 19132
9597 32355
29563 4850
30928 9110
11221 30832
5820 10824
7943 17638
19856 25913
17400 31157
12924 16009
31104 7324
15433 2427
5826 14228
30278 8568
21948 4088
24454 31319
19484 22761
19016 1499
26197 25841
20407 4733
6387 6886
11220 1900
15403 12818
5552 8659
17847 31120
26590 5978
21729 12025
11560 16879
17629 10305
25985 14534
14683 21723
5947 31390
22877 23076
122 3399
11334 20222
31977 13921
19764 23227
29611 12646
26768 15166
24981 1771
14308 30300
21402 26914
28652 14984
25990 14756
21743 12976
6384 7277
26959 20834
6249 15400
27232 22323
15098 9134
3958 6241
23502 20681
16194 17847
23083 25661
12126 15537
21927 4873
8742 8929
31384 15594
14026 20625
29388 19489
32673 20138
20090 17014
21184 27605
31097 6013
2252 11487
4272 19480
7692 7266
11214 22333
27074 15778
28475 20473
24508 9909
31310 30901
4134 1511
1472 4025
22946 5724
18016 2286
411 18423
26633 5352
9941 7803
13521 6435
16969 3056
15492 32141
10801 19017
4177 29509
19295 30787
26306 6307
3282 32144
15346 7800
4491 31285
16890 21143
19613 17713
13740 13204
7044 15967
27524 29131
23223 30621
10459 420
10369 31022
7518 8982
18956 9565
4287 618
26303 32611
6314 22082
3529 22923
27387 7897
14846 11924
8238 27276
18403 10839
31254 17306
4612 9642
722 11048
10126 6531
6142 17800
20761 19809
13862 7098
22470 17639
6272 5683
17034 12490
218 5342
32201 26350
15313 18529
8487 9676
13636 12449
18331 10007
12552 25736
11717 17823
31709 1798
2689 14965
10401 3413
21948 13648
11716 14978
29062 21551
30460 29737
26985 15936
16186 21632
15353 26113
18140 7574
25261 13989
14884 29149
3053 12473
23529 30183
15212 14855
18572 16237
17592 9403
25902 13717
21520 12740
20256 18036
31093 4733
24475 5586
27139 11661
6066 2350
27522 11020
2180 21762
7737 3047
2998 28489
6402 20613
24609 2877
2980 29354
32455 613
23388 13980
15372 20175
28093 6021
2339 31387
5563 21273
27078 10425
22274 22648
29226 6898
29580 7766
24882 22829
30578 9305
10979 24043
14082 9154
1816 27669
29459 13136
22646 29175
6037 25185
32675 7564
18540 3931
28339 1532
12415 32074
4323 3683
18187 27851
23178 26068
32574 15400
5452 18590
5633 21188
15505 26317
29205 23482
32309 5108
19041 5057
13186 9258
1674 11859
26203 6739
3525 5646
14009 2977
30697 3162
13404 23642
21705 27724
186 14811
32192 5322
19772 30173
9613 15856
2473 9975
6753 15795
22242 12900
28215 32708
4561 8967
31076 13495
2716 29100
27503 31845
15390 8849
24098 3983
6039 23589
7905 11460
14498 23311
8763 19588
5480 26482
21951 24741
32532 12143
17425 8950
1671 10988
16189 14115
6476 27796
1354 9176
27342 1055
4883 26409
32200 21972
6482 10802
25086 2892
18430 22522
31275 376
25559 7070
24122 22502
23103 2475
11704 1343
18251 30923
26250 5397
8730 19876
5083 29403
869 15869
26969 26165
14936 20258
7841 9331
9120 5002
7927 6999
30406 27576
24891 22815
32187 20063
31768 13759
27316 23497
19071 8559
16439 16505
13396 15461
32630 11024
28519 7140
4317 22893
19621 24693
6887 280
26000 373
15157 5857
15852 29135
21985 14788
11707 523
28432 17680
10092 9096
17094 19913
11856 28933
3839 3914
4429 8294
17403 2862
15830 16821
3801 24689
16154 28520
29287 7635
15740 21474
25145 4989
4676 10300
5112 26599
17300 4164
31485 29689
31901 30662
8734 10865
22034 21771
22472 3716
733 29856
24655 32200
13586 12888
8833 20817
20257 17300
641 6682
13647 30402
24275 31911
21351 3108
25523 28649
10924 3027
10411 25442
31763 15619
19556 4234
25263 8840
701 31600
29293 8346
18714 26276
12033 12245
13566 15957
28448 16771
4317 16055
32752 14622
15147 22951
7357 7953
31673 8082
3821 28863
17217 12179
2614 12742
2368 29403
6414 8837
15363 10070
11619 16348
30469 32140
10637 28722
29560 19909
30081 445
26402 10352
29767 24061
17770 17861
28078 5770
5811 6314
16446 12048
23016 2259
28526 18584
9304 6190
25111 4617
29637 30590
25897 8686
26295 20037
18077 7545
20246 14824
7338 20680
21240 18446
3388 7272
4024 28745
10658 23576
29512 20728
12934 10959
16328 13164
22563 10240
27991 6985
19122 8732
24105 25903
12069 19033
6361 14490
19480 21938
32001 20743
773 12078
9737 25177
27063 8038
28732 7290
6145 3393
21537 4677
32175 15363
3080 1956
21693 10886
14307 27381
967 30662
29527 32179
1217 28836
4627 28754
9192 10979
30305 30058
11000 20855
13818 4120
19616 1535
287 8610
25651 31632
32741 31321
23968 11956
6609 29124
22948 24242
23460 18938
25150 11280
28536 25168
17252 87
23308 32052
23540 8982
30813 7513
31469 8233
23670 15893
7391 25403
8328 27399
7584 11402
16701 31484
12865 17130
2122 29203
16192 1805
13380 20256
24319 19457
21172 18511
11381 6394
109 15114
9764 14418
1053 21276
15691 14286
30499 11542
25948 15907
28832 30705
14256 22969
26321 23030
32634 11438
15004 7387
16890 6686
8552 25903
5875 22690
24882 30968
25950 3606
4829 22938
22624 22688
24266 13562
8314 26861
26537 29156
21760 4542
22415 23466
2508 28836
17224 12558
27955 5127
22510 6754
568 17005
1722 19182
19200 18169
8987 20882
30598 26418
9989 23725
27792 26119
4492 30013
14050 14351
5041 30023
16049 19733
32636 15737
20314 4819
11595 28174
18260 5374
19305 9970
1123 24195
19426 4902
24591 17
25750 17255
20565 24535
21901 7178
156 13967
27018 23083
30443 23995
25827 29702
6488 21294
22159 22693
10180 5583
32641 21180
32197 16282
17460 4817
12516 231
23688 9375
24329 24815
13772 21437
16691 26508
15132 17275
22124 5184
30701 15885
15101 18041
18662 32491
32734 31507
3826 31863
5744 799
6291 29920
9326 6115
13689 16967
21537 28705
10323 14881
29908 15005
27365 7133
32648 8665
30810 21190
21481 15651
4572 3882
16768 4817
12643 31420
12585 4044
7882 3127
712 6219
23336 15940
29496 5601
22109 11678
7812 9914
8939 25204
29274 21026
7176 18703
9404 26182
12785 7604
761 25407
20608 20428
11484 5964
5121 8258
4131 20575
16450 32557
14386 18140
11753 27823
17929 9629
8714 24860
9332 21305
17401 95
19585 24710
9565 7322
11831 16476
4230 19469
4485 11420
4353 5689
889 23665
27241 31813
9139 28630
29055 24736
26136 13401
31613 4584
7371 10014
22440 32011
24153 22566
1829 19116
7219 4817
9997 27592
32098 28578
16580 22937
20854 13123
29830 3258
12223 7881
12866 28557
5824 5432
29868 20442
8161 14922
12942 5048
7012 28268
31326 13745
10394 19466
27670 19489
7767 2572
1344 8159
22435 26529
29520 5663
14514 1339
24631 29079
23 20187
27957 12001
14388 23438
20463 33
23797 26167
17857 11239
2494 17296
20821 21335
17313 31084
30325 25479
13269 23359
26653 13864
26211 20447
23765 9577
24867 9356
32061 5912
9959 4399
8426 17162
31478 20959
19824 14526
30908 31145
11200 26685
21439 25233
26549 12868
21461 24276
11753 17317
24981 3952
15309 16363
14091 998
13817 32573
2224 1855
14528 25477
15000 15949
22280 2257
30190 31539
31576 21753
12958 27176
24371 10882
2385 31607
3237 17090
24990 11978
7707 29509
20606 9129
12408 25200
15105 4926
15204 28516
4416 5979
17383 20773
13715 25278
7480 12540
25604 20115
11215 17433
11779 24890
24257 10365
24155 12875
21325 2327
22884 20439
22194 19757
19834 2289
14916 22270
18351 16749
11711 5542
189 13032
5083 28225
30271 16137
1313 16467
9248 14085
29948 2408
29267 15465
11539 27639
10948 7956
4822 7564
2959 23682
27479 38
18801 9297
4444 27358
5755 1533
20914 26058
270 11247
25028 23841
16131 18358
9324 4000
14634 5012
12552 15404
27382 3388
20689 21176
27254 19930
26216 11369
11399 9044
29618 3832
22857 20175
12774 32601
17615 3190
28644 10138
24603 18550
10953 21517
13897 9549
5312 19369
18954 14149
32283 1966
26452 6459
21666 3720
15704 16037
11562 30198
21685 9940
2922 20587
13803 21878
23563 2485
21522 13406
21758 30428
4044 17032
12306 7501
26232 13399
29638 30007
8616 26914
15963 11062
6869 23023
18222 9519
26450 25982
2629 20091
127 7562
21032 28487
15423 31051
5106 4922
10668 4415
20903 17241
9737 18474
30408 5928
15863 1372
25381 24850
12012 25650
6131 31243
7394 31967
15134 28788
20556 10860
25825 7743
4174 29182
27539 27219
27949 28504
8644 14642
3845 27296
14984 20697
23738 31590
18451 13288
3888 23778
2182 14338
1215 22397
29961 23415
26849 25492
18202 7712
1070 27000
26660 24971
18571 17081
32596 5208
28062 24740
4520 11491
12677 15370
26697 14116
4551 29251
12570 31187
4234 13171
3473 30415
23047 26124
966 19136
24124 9108
1481 12283
13024 29353
825 10407
20892 25154
14610 5150
1656 27191
13255 13206
8852 13572
14225 25089
18200 14026
774 818
23661 13718
8173 28224
2478 9958
13905 22319
16473 1641
5588 31693
12363 2567
26950 6107
14315 22305
18550 25709
9381 7450
7240 9876
22426 14614
2312 4409
8853 18177
21246 32332
28993 17364
28995 17183
4762 9491
17107 9228
13986 2458
6626 11102
29781 26522
4468 26479
27614 23519
24872 21517
22795 32340
9044 29474
10751 24520
16727 22676
28199 5362
31275 11627
12655 29363
14138 28210
6069 24476
9075 26783
19581 24240
14492 15478
6887 14187
14058 25514
16863 24323
15055 1477
22676 1773
25875 6795
22315 29859
18726 8154
6068 1701
5557 26325
25437 2749
11131 15426
24549 18824
5722 28719
29012 27442
7338 220
25578 6529
22737 27861
29269 789
4371 28767
31783 9198
16812 12821
134 30510
3356 8915
12581 30240
1731 5331
12660 2170
2989 19990
22036 18911
7599 6662
30862 18600
29875 7769
13124 8676
14928 30520
6568 7837
9118 24225
16555 13918
23880 25354
11129 6897
32226 28999
28771 12653
29309 13741
10780 7281
6521 6264
2345 15274
32667 22890
6547 17563
29535 3765
4319 22685
25232 2843
14399 15396
13845 28500
18186 4933
8206 27312
16746 18293
4128 28413
12117 31380
16908 23467
16318 11050
6791 25646
11276 28144
17990 13732
28619 24722
20312 8120
10401 14771
7352 17606
12932 6705
4131 5440
21547 939
13863 6736
4034 6209
15485 21438
27618 1947
8856 11541
18624 19757
22654 19969
5541 9145
16343 18940
31390 21013
17219 29481
19060 13614
30705 21632
20702 11085
32110 5932
20726 17561
4026 22321
18410 23774
32673 11090
18420 652
1352 25650
32652 20227
8455 18105
16604 5133
32374 17849
7540 684
3531 32466
27199 12055
18275 32403
16309 5631
19870 4065
19027 1814
24816 6813
32584 6354
23093 21889
2418 2414
8005 20299
648 12595
17865 4894
19609 27125
22605 27685
8117 4064
29078 3193
8170 32629
8757 6981
3954 13519
21596 28200
28970 28715
8689 29146
12102 935
20705 1555
6723 11850
27063 20648
21534 10309
7277 19447
31684 17528
26497 5254
11465 19256
13644 14823
10076 29264
25488 5855
13435 5701
26960 29895
6755 6367
3812 32305
13643 2276
27724 17615
2129 30503
8645 24209
23221 7361
32410 24078
13637 13983
2621 10789
21528 14909
9110 30948
24703 18352
10907 29096
1849 31978
26657 14982
16102 3642
10225 29930
21182 18450
14623 28030
1411 24077
18583 846
24756 11056
18937 2601
1028 18289
25255 11338
2315 5749
2844 3896
20282 13214
23167 16362
17428 24389
12407 10799
31643 20804
12610 8013
11529 5304
18433 12264
26561 20741
9046 23846
5253 9242
24625 25873
5865 29174
22247 11837
8968 19818
16005 5802
7029 24097
6755 10731
2933 26591
9724 648
4459 22278
13052 23202
19859 30302
11675 4053
10483 12821
15146 7779
2191 3077
9963 22414
16605 9526
4390 22341
23928 164
5241 32003
4376 25410
21872 27637
25026 30014
12374 22107
25916 2183
31050 6192
8644 10381
661 25869
26369 22344
23866 3403
13114 7035
1999 7784
30918 17466
32652 25259
22468 1450
26530 1035
8204 21256
15053 22094
12133 6636
15149 3182
32760 17103
5202 23872
31492 6859
25494 23383
25556 2723
6831 1063
28398 16131
28804 19046
22926 9737
21568 8120
5458 26115
5797 16778
23607 12667
15780 19774
16580 7281
13866 24457
3717 22247
22588 17178
3771 28835
28998 29309
1362 2608
18608 28990
31251 5926
21171 16465
8731 5547
1387 29105
32140 24378
1069 8008
32130 30371
5402 18703
17993 30547
5364 24182
25037 2518
23857 30470
30289 410
20558 32325
21860 2038
102 22234
30481 30826
9219 14577
13655 21033
19764 20449
23513 25300
5856 23308
24533 3721
15449 22023
21594 22812
20276 27644
28342 5284
32601 14924
12078 22842
10582 9848
499 10749
7929 19265
27729 27482
24093 16654
6696 3722
10692 17807
24480 5723
14694 1696
793 22836
29321 5232
25441 9299
24722 16098
20010 9306
24283 25139
6843 14090
10501 26334
23781 2638
17808 30908
17465 11387
32424 14704
31608 29142
23874 29186
7243 21335
23144 1994
2868 10924
15057 14480
20421 28545
18613 25073
15632 23039
24543 22532
32350 3730
4 3902
23588 14064
22867 7571
19762 11351
1869 22238
10286 5909
28119 2179
2369 10062
27790 6227
16400 19194
23642 2736
23022 1325
2886 13297
7247 19099
10895 6408
896 1883
25338 17249
6550 12779
875 3086
14757 3957
32180 8738
4914 3408
9643 20570
490 21450
26239 17923
3476 30245
25164 26391
9796 25567
12268 26538
28881 32567
11025 13956
14218 31980
2704 31504
21285 29000
12544 10869
8184 11869
27524 30722
21356 22415
4837 9423
17838 20050
17124 29345
935 23605
7118 15887
15663 15904
1 1
7 7
9 27
100000000000000 1000000000000005
100000000990000 1000555550000005
23423400000000 100004565400005
10035453500000 324234230000005
355687428096002 355687428096002
355687428096000 355687428096000
