10
1000
13844.957
9334.41
5335.94
20236.201
7344.939
4069.151
17713.648
8505.912
20844.886
20179.995
23722.729
2152.501
8032.911
28199.570
94.30
2961.421
17994.924
13451.922
32077.205
14514.122
25868.777
24814.199
31450.484
27466.496
29739.186
30979.567
15692.74
8926.112
20562.770
10175.685
30801.732
27000.857
21710.239
11231.49
12662.593
18979.890
1552.548
22112.494
12976.630
22384.713
19501.510
6405.427
3286.979
16884.247
15713.519
9428.684
10788.124
32456.625
30856.910
6297.790
28858.577
32264.768
4003.244
16226.782
29979.255
29012.298
601.96
24321.354
15534.652
8786.304
18548.997
5773.102
4161.647
22826.214
27744.407
19682.97
24193.790
21256.758
13743.858
12060.389
11907.605
18590.725
25495.883
16160.779
8766.150
1183.419
30578.44
29203.596
2318.52
2629.848
3902.132
24289.577
563.638
19404.594
20507.773
31927.300
12112.475
28917.200
24783.428
29065.949
30445.768
11652.698
29765.124
28814.942
22261.403
10178.254
25610.108
10431.423
18232.380
28411.53
23247.837
17243.83
11242.430
513.204
3817.61
29286.1
22562.650
26024.283
3284.934
3877.268
8284.845
19272.361
4524.127
18595.715
31992.813
18238.111
30130.58
25135.426
15545.656
5995.184
9934.197
476.959
18247.21
31156.752
13063.562
3840.590
28589.528
4736.906
25356.70
8374.885
22236.747
25405.247
25774.605
31836.905
24102.576
20699.94
1380.252
9237.199
10691.344
14927.487
31942.22
30024.43
13135.455
7953.287
18194.816
22303.21
27722.605
21919.679
4010.109
30985.679
28823.694
20984.852
11156.35
8505.216
18686.931
31778.305
9209.28
2853.581
15786.631
5797.481
20647.406
22023.258
14507.355
13581.357
655.363
863.333
14453.595
17003.652
15943.49
1391.92
21088.406
6100.61
1672.219
23998.578
17702.914
8929.127
14001.270
19350.926
7016.974
7214.506
27971.86
2694.267
24105.638
19931.652
1635.958
8416.329
22353.402
27150.813
9819.163
15932.531
25643.703
29039.675
21529.74
10739.399
22503.53
10667.86
9135.694
16805.769
28185.495
9201.53
28881.891
1972.16
19769.166
21368.887
10587.357
16838.751
6433.175
13303.771
10184.410
10055.478
5522.192
43.257
7611.531
8165.711
22703.615
30805.718
3706.367
4626.361
3456.187
14521.348
22894.224
16773.208
18032.120
8224.336
21669.724
15801.314
24528.72
18007.218
30544.102
24685.388
29266.61
686.321
5189.602
23586.691
21902.800
634.996
9341.117
23201.220
12928.805
28563.722
8599.2
11122.645
9736.916
9943.139
28756.838
614.681
29545.905
32421.500
23321.509
17934.688
18123.653
7522.367
7281.314
28225.996
1978.107
24568.856
31112.84
29338.93
15268.260
20562.690
27825.403
18679.590
30814.300
11233.632
24544.159
29691.686
26272.170
31258.36
30512.561
8589.328
21636.452
13046.868
27487.504
22872.940
22539.952
30064.280
29773.318
15177.235
408.172
19979.365
17281.552
19987.606
7795.320
3401.477
3748.226
23982.664
2887.807
11829.852
10756.496
27092.280
5797.617
19674.821
13074.566
9347.88
29567.532
11466.779
19172.385
126.256
15277.686
20376.504
24755.139
20428.268
620.684
7006.177
3166.451
29239.97
30426.958
4408.424
30950.827
5070.276
5755.161
5063.761
24305.513
31588.28
28599.324
15791.366
3911.294
26894.595
29785.444
18457.483
3415.458
1193.729
23570.224
305.243
14771.710
23634.745
5876.461
21161.401
3216.720
29420.201
20471.675
22581.583
24647.146
24221.382
32632.454
1549.74
19414.532
30545.398
3509.974
24430.164
3424.213
5430.861
1362.303
15641.57
1193.254
24382.713
21975.186
9171.642
15771.544
10657.557
9776.394
10979.830
2756.81
25688.682
14123.312
29335.44
12245.35
6563.41
22013.944
10943.58
7204.756
31875.778
24254.849
10544.769
13611.799
1857.864
20200.793
4162.294
12551.513
10725.275
26588.654
1363.11
250.333
2240.892
24926.110
30530.236
19433.329
19171.805
11284.273
29941.226
30943.847
30885.935
17418.418
5075.587
18824.93
27169.761
4913.497
26186.160
1207.893
17846.840
25563.915
587.158
12512.702
3717.554
25408.537
6089.710
24223.624
17142.289
13309.885
5950.725
815.84
2868.542
4240.576
26661.325
25332.730
30636.195
32221.479
12161.130
3058.601
20370.368
3500.337
9813.725
24659.459
28508.264
12585.354
42.300
12517.374
14149.209
7010.475
24972.608
26521.253
2507.855
13261.1000
26253.958
16901.380
23089.249
6335.913
14656.439
7139.839
19198.850
12790.298
14399.872
18832.548
23676.401
21264.859
11558.82
654.332
11066.906
28177.688
4886.723
23554.855
16011.779
21985.282
27955.595
21303.485
26373.392
4300.964
11558.200
26649.885
11522.415
15104.399
10652.91
18363.466
20258.716
30995.367
9413.169
1746.1000
20680.199
31354.539
25302.603
27703.508
6296.121
3091.449
20615.853
19305.825
7935.899
15004.79
14741.411
28424.148
11435.79
1337.635
3906.847
4955.721
10511.333
8178.861
16080.909
28876.716
30944.855
17971.624
6153.832
22119.505
27802.621
7499.196
17338.393
21598.500
16124.137
9965.638
18996.279
30343.618
9096.124
17330.662
10698.698
3804.309
25861.64
17812.905
32085.174
4090.220
5116.468
4724.125
12979.55
30627.337
17726.388
22166.600
20803.487
18749.217
24668.406
18208.441
20587.889
6224.488
32302.805
29854.556
32275.658
8972.962
22349.450
11649.250
29991.451
31937.939
17048.982
28827.519
9240.232
18533.976
17331.129
28581.539
25436.908
785.308
10627.254
8634.850
7146.491
24196.884
15540.925
26073.804
32191.374
11166.211
32307.888
13670.477
18011.242
21734.510
30132.62
26282.310
5956.377
26886.825
4141.475
32590.138
23682.456
13641.369
3673.142
5860.794
17186.583
28708.520
823.729
18782.97
16308.53
29610.132
25224.165
14741.417
9420.961
2070.952
8020.884
9156.316
18820.538
15941.889
23141.701
10.772
16376.344
23097.394
8395.483
13547.548
7113.96
19864.81
14934.446
22991.604
18588.60
16939.600
2079.16
2434.361
28824.457
13407.452
29440.321
17587.906
29419.191
7623.826
27159.244
25717.309
27205.149
12184.525
28999.568
7361.856
17243.42
7468.537
16311.528
3826.24
25445.437
30335.155
28241.844
27719.837
24225.862
4789.198
13892.229
10340.708
16078.650
2706.96
16259.316
15314.540
22961.779
17152.299
32580.196
30330.601
14228.205
1933.93
9857.996
25134.820
2498.595
13547.825
8314.6
13601.777
12556.312
29550.283
8497.827
21609.800
21576.646
401.279
17389.148
26244.237
1740.459
3698.219
14775.322
30160.656
32503.135
9297.248
2016.31
8978.469
23721.351
8980.805
22138.355
26608.788
32709.989
19142.564
20186.400
26999.851
28342.165
22036.252
2588.22
23190.151
19688.193
9423.637
3999.112
28320.207
24906.950
30317.311
25477.508
23502.809
11475.422
13447.707
9524.319
28091.675
4346.492
19804.768
15832.415
10214.499
1596.291
7757.855
7902.944
30771.495
25241.567
28255.607
4219.320
31083.103
12312.529
30908.651
4131.395
17848.717
4927.880
1842.807
16146.407
22825.132
16795.75
7347.695
24774.808
1076.918
2110.624
12243.968
27011.101
28207.828
25148.400
30029.36
7374.234
10198.602
7981.272
14975.338
15347.556
19912.560
6575.306
20457.411
17535.872
15113.67
32225.282
946.287
16070.357
19330.618
8168.858
11299.430
7262.565
11901.961
25197.814
16937.256
9890.775
18729.841
11549.408
3031.117
32048.192
10524.382
29481.205
22242.694
9323.174
1740.952
18884.230
17188.330
9210.467
22549.739
3751.688
7450.617
13639.328
29366.111
7824.77
18534.693
514.640
16084.80
7102.561
14925.708
29339.528
31093.87
17527.813
1081.159
3275.678
1798.191
22914.279
28216.174
25100.135
21974.280
5294.976
8572.874
3612.743
20632.456
12105.253
25305.313
17790.213
24805.357
30890.407
23883.269
29689.980
440.885
31911.243
31853.142
27415.164
25072.342
14879.810
22274.628
8358.382
5842.814
26994.922
10608.653
32059.211
24196.644
21252.84
24640.709
15019.350
29331.165
13758.972
12960.593
21136.574
27246.297
15756.484
19681.315
31946.325
11753.307
2528.176
2809.569
15867.556
30651.140
17454.115
17154.918
1545.348
26624.456
18030.825
8121.832
24224.110
9911.759
20893.636
2815.992
10670.924
5701.398
21564.431
10332.525
28645.934
5616.811
16591.278
24439.568
16188.118
21605.725
29791.436
30367.321
6511.868
12851.354
11513.946
15686.642
29306.419
13390.327
4141.767
18049.983
16162.154
1676.475
16784.851
13193.724
4972.996
3627.252
2362.171
3644.991
20772.600
3146.553
2633.296
13213.177
26199.169
20588.878
2396.72
20048.569
7129.375
31480.956
17177.851
24863.377
29632.365
20411.630
21159.903
24951.391
6119.641
6244.69
10292.836
25067.205
22637.120
5895.684
3952.433
19633.66
14899.111
2203.924
17937.262
11808.983
5473.34
14203.226
8781.935
3896.539
17378.449
7657.996
18787.152
24602.495
24547.406
6279.384
30226.443
29324.187
4696.296
10460.597
20256.107
1142.391
29047.859
18389.256
19925.149
23143.378
28474.366
18497.673
13437.170
27153.743
22497.444
18772.235
5354.966
5321.106
24687.147
14629.967
26351.380
29192.144
17705.888
26416.177
12006.855
10733.781
30746.857
9940.281
13355.946
24504.571
24465.305
470.963
18335.530
11344.394
9376.840
31453.104
6694.39
10430.714
4511.985
24564.828
9001.407
2224.546
168.202
11531.14
5909.882
17655.69
23065.951
32373.682
28122.6
22025.312
8981.599
4971.394
31085.85
32384.269
7170.901
24712.289
3142.587
9625.635
28428.105
12876.911
12258.41
16822.716
28321.692
24474.512
27458.932
21212.822
25587.304
3129.764
6506.718
27958.138
28026.742
31574.720
20452.219
21392.240
28015.621
29184.556
21819.294
8669.689
2130.658
10667.884
10112.346
1970.43
13157.418
21166.687
4808.409
4808.808
21294.266
9925.362
22443.97
2430.407
27129.391
2960.78
25031.178
21844.322
22099.935
17682.542
3643.97
32113.23
8593.830
14386.946
557.368
12574.1000
24135.282
15677.694
4421.283
25161.186
5841.248
610.684
13359.805
28675.417
19405.659
32309.542
3868.929
24835.971
671.476
29229.869
2114.1
11809.824
25580.557
32038.813
28247.43
7387.17
27168.301
15840.822
12058.718
10707.934
8168.624
1406.717
7627.394
846.94
28344.948
6663.400
18862.525
5047.323
32070.373
2281.358
25740.911
7194.266
7693.321
2417.93
14641.735
24234.992
19915.204
28500.977
12783.11
1000
22844.456
16900.958
11561.188
28441.124
4041.230
1917.968
26348.977
28041.160
26352.767
12481.731
5244.800
15644.406
3698.943
5279.897
13342.549
18224.37
31668.586
7338.337
3321.264
9517.950
29760.979
9144.399
408.702
1785.565
10308.208
25699.234
29291.399
10626.253
23825.763
30603.621
12358.430
23864.1
10141.171
25298.734
32480.437
7311.427
14082.625
14111.842
10069.270
12930.104
12029.811
16156.495
6821.818
28939.833
4721.893
15800.577
9267.934
30636.396
15841.363
15526.990
11335.57
2538.714
29177.456
27355.361
2700.336
30156.791
28165.890
2836.226
26770.834
2656.677
6776.932
29262.388
13389.452
7735.457
17255.474
5707.990
8852.558
9700.172
25355.921
11284.372
16803.260
23168.611
31811.220
22130.795
7066.766
28713.280
1296.176
25716.800
26876.921
23679.919
24855.977
8172.817
21297.916
11557.737
27682.162
11249.410
18180.19
28230.52
5279.506
29535.922
22309.247
8461.409
1568.849
10066.907
11944.52
16940.21
25561.39
19887.598
4996.649
24662.777
4901.950
24475.132
30997.596
17093.570
5633.147
30722.446
8859.452
8117.337
30095.104
4625.390
21945.637
25319.972
15509.293
22460.116
7415.591
1055.164
508.50
58.546
6720.359
28070.661
849.703
16004.328
26980.869
29385.536
20295.253
16345.353
4759.780
22104.252
51.226
14908.508
3312.118
24871.505
1679.392
2805.316
20716.381
2192.484
887.662
25868.112
31464.530
9456.982
13103.70
4049.252
32170.362
14374.541
26523.326
13655.30
25817.452
17431.145
4806.295
16628.922
10112.349
12588.544
24924.209
19907.534
2704.548
17618.691
25903.725
9506.127
4955.110
10233.791
20406.473
19764.58
2585.827
32150.236
15497.312
10080.267
3174.263
2338.241
3046.687
7888.378
12226.810
25880.110
19759.81
26355.673
13328.760
18811.689
14698.244
18940.87
17944.786
25165.58
15808.386
1889.305
20997.131
13849.783
5630.368
16988.315
26087.516
7274.961
30487.467
109.707
9266.129
17490.428
18848.374
14294.967
17982.954
19172.3
29779.157
28190.410
11973.42
25018.578
13965.989
26255.907
3176.179
1391.698
4815.833
24760.93
3114.344
17446.168
18753.295
26347.432
7155.730
5122.590
25130.425
11456.311
15630.164
14764.73
18553.445
32144.296
26283.622
16080.514
29760.365
15099.423
30815.309
30880.573
9523.600
27491.571
15519.826
7759.685
11565.223
22638.855
31560.671
28567.149
19116.25
15752.515
7194.213
27445.104
4944.103
1631.801
22840.9
5479.811
28256.112
7525.360
426.266
20085.582
8005.438
19025.476
19419.589
14629.726
24588.15
8350.715
14364.97
12612.902
3048.854
32267.522
799.739
21028.17
22958.279
6425.359
10364.619
3353.82
9816.958
8081.28
30000.949
20476.692
20355.97
25851.634
10776.33
15272.74
7665.282
8487.699
11899.803
27263.601
16391.478
16040.15
21117.532
18150.488
21583.296
14677.184
8621.399
29124.439
1016.342
3270.430
17784.557
14599.293
11601.283
13021.100
30643.354
7711.937
7762.316
12858.897
1302.429
27777.842
24339.427
15557.504
24507.60
24614.95
3154.591
24104.849
16803.982
23562.967
16882.914
14931.845
24369.87
12461.138
5495.793
23542.693
10669.815
29333.150
8331.255
4874.436
8643.203
24777.523
7035.539
25417.217
14849.699
23384.8
1978.389
689.174
18780.10
27088.355
27229.70
26629.675
3500.201
20936.694
5790.77
26956.244
15915.572
15703.92
2138.346
27216.54
11770.180
29082.528
20115.159
6944.910
32412.675
5425.406
1518.305
18063.771
25209.715
1730.256
25398.420
12466.615
28508.992
17269.674
19927.333
1382.698
246.905
23927.446
2660.525
22216.303
11097.179
632.913
29969.749
11195.260
15742.494
4652.820
19514.972
7781.822
21439.134
17613.109
2778.746
2738.835
31325.435
24984.883
21269.25
19664.951
24571.929
1356.237
26798.415
4017.544
6177.753
30894.412
15249.814
11149.257
28091.910
5895.972
587.67
5213.579
17815.641
17572.927
25741.122
22624.271
4330.182
30037.938
13742.177
11930.373
20428.20
17135.486
16165.25
5456.432
9143.313
5067.345
6930.632
142.624
29196.172
20804.242
7862.209
6306.103
5775.665
11836.848
21751.370
2206.156
9702.832
32152.308
2269.309
23769.747
16413.414
6335.578
24600.240
29038.787
29477.754
22048.388
1399.69
28860.638
11600.490
4009.303
25458.794
25060.885
16343.340
14672.340
28321.834
18254.417
29012.61
1934.224
67.387
19749.235
8264.429
9695.500
16568.950
2006.421
30102.9
32067.606
8711.106
17045.903
9990.704
2752.551
27225.161
24024.316
18884.647
17886.107
20092.729
15834.26
13534.245
5929.380
7265.796
18713.653
29642.423
24243.334
30111.193
30424.212
18653.397
2704.644
6637.313
28062.202
16341.410
15704.250
16812.851
12725.334
20560.96
1192.866
2139.944
25516.348
4178.475
8096.495
26400.103
3798.930
30403.969
21863.61
16198.475
1993.652
11759.601
23459.951
29881.264
23263.456
30212.192
19713.303
6284.193
19128.178
6040.221
12211.905
9076.581
24246.994
26144.519
3053.280
16458.525
384.129
21114.313
4711.776
9869.408
12160.504
3428.749
21215.234
1245.968
13669.169
14850.494
660.580
31617.762
32417.996
12381.684
21195.214
9954.273
29676.987
20446.652
22350.726
14862.188
27071.782
25047.829
31976.477
10550.691
7898.696
3066.205
4074.807
25649.14
19135.415
21216.418
21161.47
8439.687
15412.392
11395.801
9214.73
13862.131
1989.177
8900.274
13764.582
1408.412
17984.790
1511.578
21342.612
30314.866
25399.781
12050.216
14382.699
111.429
31618.705
21202.24
30239.593
17852.997
19386.163
25493.771
27676.838
15777.643
11966.300
1073.845
19607.985
28438.237
11314.812
2651.886
13315.593
15156.93
5883.334
4401.826
20314.261
14263.171
15301.402
7089.249
4760.269
6531.822
8061.498
18239.855
32574.191
12060.279
19927.813
3620.549
31440.355
27436.199
14281.343
6665.326
13655.862
32513.36
8718.839
9856.483
8159.171
1292.783
9125.239
29563.231
29434.693
15204.305
13391.440
18387.636
17724.647
20033.425
19220.380
963.188
12733.381
12929.368
3262.610
17258.793
3738.808
4134.590
2653.501
4428.374
13172.765
15574.786
4033.237
10450.355
20463.870
18010.685
515.516
18629.85
21044.768
3359.335
19965.666
5591.812
23920.179
28344.697
26317.610
3354.299
20563.109
90.426
21590.99
1671.995
23442.160
22878.515
20927.872
18297.304
10342.15
28099.338
31730.617
9519.482
3850.789
30890.258
4126.551
14158.30
23872.703
30424.785
14902.580
6748.387
11469.620
12599.913
29552.992
16966.909
18936.84
22357.704
28870.421
23770.757
10767.878
10724.120
8568.892
17486.671
29155.256
13624.424
15752.278
439.907
3143.860
7116.41
25660.4
24467.509
20629.437
28861.922
19104.623
3136.205
14632.958
8781.756
31234.857
19587.103
10723.987
29794.526
7797.986
15874.244
18089.758
2821.754
25934.924
10698.23
23011.275
1251.174
27561.191
26314.401
19197.973
9679.869
15589.718
19541.285
9449.311
4414.508
24868.79
13476.933
11418.163
5322.69
31692.351
3922.451
1930.302
688.38
31241.676
990.769
29237.674
7249.323
20808.170
9261.490
1692.451
3253.408
19901.519
12037.982
4803.659
29443.697
28895.311
25235.570
32563.422
32010.322
24551.752
24294.741
17785.14
4540.678
25172.30
6257.996
30373.65
2989.268
28778.688
23181.15
20939.102
920.278
20910.874
23029.466
27270.579
10971.225
19307.441
22344.598
24432.682
13814.655
24369.698
20875.701
8363.79
22287.216
6481.556
18596.201
18012.779
18545.148
28514.537
4064.542
30506.684
26377.643
11967.192
12398.627
24259.403
23784.901
31494.462
23521.509
13399.157
23492.378
23706.209
28338.251
20763.787
26487.268
24354.379
700.971
22216.155
12413.400
16392.269
4542.964
26137.108
32378.761
11515.962
10205.402
25937.701
10931.812
4718.623
9759.190
22194.423
10896.61
31255.138
5361.779
16135.910
10784.249
31089.56
1698.522
7195.228
13973.505
12346.725
2533.910
27456.382
30915.966
22261.360
11347.817
16329.20
32677.183
23912.596
3303.765
27024.302
6873.868
6431.825
32385.292
11121.930
17695.567
1000.400
14947.872
460.71
7902.982
2646.866
8887.548
30983.581
30879.611
27198.962
5382.809
5130.258
28047.636
8509.431
19650.42
17090.887
3586.75
27440.451
21950.905
26782.145
6635.934
20666.479
3761.39
29461.681
19300.856
17857.564
15287.800
30.908
12588.318
22513.155
10447.852
5302.275
6436.83
27960.534
23646.240
25438.252
2769.357
4680.349
22954.563
8858.327
20958.286
22808.82
29536.473
29556.346
6295.148
18275.93
11791.651
22518.702
4719.345
21800.353
12971.349
14772.8
13946.644
31529.285
20747.631
63.800
2547.966
20844.780
4715.109
14259.941
31416.517
15805.461
23530.606
18218.351
18889.237
12841.35
8461.553
14150.764
1485.954
31620.214
9786.603
2220.116
5517.191
8164.577
21310.298
6787.565
21111.282
19748.130
5576.966
8442.840
13084.901
22371.62
21484.946
11199.609
1458.303
18306.882
28321.384
15496.259
14995.113
31145.514
21571.642
28046.58
16060.922
19394.790
8977.290
10252.55
26191.571
23549.728
23472.939
27333.904
26385.171
22347.455
9126.189
8316.21
25325.349
22498.751
6112.356
1657.764
623.149
21439.551
12077.218
8971.621
8010.710
6943.522
11457.17
19456.743
32466.735
26374.222
8883.10
15663.857
7299.441
30648.264
1151.201
16111.762
1144.299
17219.110
18821.862
23709.130
15861.711
13299.748
8071.446
11034.190
17886.794
30427.519
11567.688
8010.264
6461.864
23123.453
25735.944
29846.637
20415.477
15477.747
25983.487
9066.446
17976.125
2462.365
28779.801
26552.815
22811.381
19187.642
26754.837
22388.474
12035.783
17626.837
26208.201
2326.941
4909.106
9597.934
23172.596
18971.400
24571.200
17227.918
16339.202
25989.456
31090.686
27510.167
24083.388
31318.687
22461.528
16502.986
7281.133
25112.730
8616.379
10372.958
25597.773
10072.865
22310.112
19488.72
4648.618
3110.387
3019.831
9356.861
31564.810
8343.607
12627.586
6734.426
32036.211
26948.564
29209.110
13234.228
8528.147
5576.913
7073.198
21317.377
20435.256
18246.150
6415.864
1627.309
4500.657
26336.978
32173.678
25483.734
25312.451
3137.506
8041.581
31022.41
5607.925
29716.584
16724.257
19427.505
17722.940
1675.330
20004.528
25870.983
22099.488
28121.439
8883.146
29012.373
3086.413
15544.53
1000
26750.1000
28449.43
10536.91
9444.726
39.250
27938.946
8903.735
15773.174
31732.494
22731.707
25330.248
23081.975
10830.568
23762.929
6932.738
28752.277
12354.733
20402.770
9853.174
3806.387
13315.63
12841.379
31969.88
25637.204
5990.829
15802.961
13527.583
21625.234
16996.680
812.104
5723.609
8370.146
32156.78
6410.576
15693.549
7341.118
23758.746
23073.531
19439.687
30155.210
14689.58
13317.40
11627.295
2416.136
15582.608
1419.723
26699.522
19333.972
31603.26
3408.235
255.368
15607.208
7794.347
26673.555
27739.301
29238.417
7887.407
8145.130
4630.656
10679.872
4005.714
18711.730
24396.750
29298.730
30897.498
12973.108
26877.328
25189.681
16597.232
9090.187
7820.240
23823.625
10391.492
10569.69
3137.321
27125.68
21664.518
30455.653
11719.644
6945.438
26685.341
21321.211
20654.972
926.833
12257.75
5948.514
1770.131
15869.530
23457.623
15506.977
10578.418
723.386
18870.466
31828.676
27170.101
20281.310
24831.331
32075.608
30586.852
6987.927
31612.868
4742.50
11741.675
8361.867
24789.42
2519.936
23219.691
12537.459
20689.936
2645.566
3783.95
7267.835
7647.173
731.555
201.600
10259.965
22416.601
10376.889
32717.586
5306.414
1307.148
1342.841
30154.429
13582.655
28632.231
5667.516
31260.380
5190.5
32197.729
31267.123
29699.161
11423.449
7172.428
12395.712
19746.655
11737.73
14683.574
26351.707
13313.927
21435.381
20658.352
22757.766
28299.20
19595.11
921.98
15688.273
15504.254
12182.388
17600.660
17751.623
19012.219
942.861
4733.342
11027.671
12991.865
21927.479
16713.226
20420.212
4731.389
24281.319
22083.765
27253.317
10713.912
15265.758
29100.306
18035.310
3996.924
12768.458
18793.406
4562.757
29547.931
1914.59
13188.173
15336.870
28756.641
26841.127
16555.148
25552.223
28484.245
24424.38
26288.69
22248.349
6544.500
22552.815
15111.646
8019.573
23407.590
14814.738
15691.978
8824.339
30333.775
3122.140
12730.590
20353.543
9274.143
11666.446
2996.813
24029.667
18569.915
6653.854
26688.637
7103.614
13362.921
16761.332
6278.119
19613.645
30560.336
28301.30
15446.899
6065.180
17444.574
15560.468
27808.330
1659.545
24816.519
7992.533
30202.883
4925.498
11036.781
30451.696
8989.703
18302.858
10596.643
14738.740
5992.276
27272.696
11880.48
10161.25
14684.341
16362.919
2859.138
4976.245
11550.816
22006.959
20885.569
14069.656
24313.63
25668.475
9969.96
6888.416
7641.848
14893.233
9840.855
3318.77
17872.261
15697.309
21412.980
9806.190
31381.261
30738.318
7429.997
25127.2
29184.465
14358.575
28271.639
17464.472
20111.975
15561.592
21410.131
3902.88
2533.435
30168.123
10945.259
2938.231
28485.809
20920.783
26324.857
23856.335
9755.796
7197.360
25158.529
27433.829
19572.874
27779.157
16744.786
21810.721
8577.597
9385.120
25836.737
31387.810
16408.372
32528.450
27754.718
4281.455
26931.176
11648.684
18655.333
18788.607
24175.992
1924.199
24361.814
2425.146
19597.717
18665.949
14988.22
12121.797
17909.631
24643.766
20272.691
26985.130
19758.654
19816.220
19616.396
7312.966
28519.169
4083.575
76.750
23228.33
28402.923
9667.610
18440.496
26974.569
32195.657
6521.532
5260.737
22505.400
2038.669
8445.296
31730.908
9814.265
3654.246
19449.30
23611.907
31651.791
4246.269
16989.455
3530.857
27727.6
2156.450
4825.436
9703.822
20704.576
29553.893
4454.56
18750.71
11358.137
28147.150
17854.962
3677.444
8917.332
23907.973
27103.724
28729.344
32727.492
10967.706
30860.518
20650.996
19703.403
3465.391
19404.68
2794.165
30799.719
25942.41
19305.819
5658.65
2811.535
9536.715
11122.544
14269.510
28572.378
19948.282
15034.938
17979.619
18646.897
30757.922
16726.251
31584.12
22482.576
28503.239
28451.707
22234.251
29372.786
23572.333
23102.861
4286.986
2886.754
32403.961
3465.975
7172.593
17700.578
31020.406
10029.110
14598.518
7310.319
10974.297
1811.80
6149.560
7361.971
6601.597
3434.505
2980.412
9854.978
28084.992
26916.799
19307.368
18057.702
31368.459
30328.573
17990.131
7212.59
23251.854
11618.284
1283.634
20402.715
6726.970
8222.965
7384.508
6380.379
28727.14
2481.160
12762.704
21935.724
2592.626
27744.616
2439.305
12371.107
26142.319
16439.781
11581.353
22070.610
15731.77
12676.777
7360.307
15927.789
32516.363
28505.931
4280.439
32571.909
23004.147
2573.639
19760.882
13996.48
22439.954
25019.852
1049.444
32501.519
1848.237
9409.668
18373.384
30215.543
14084.71
24131.872
3437.423
21464.721
16292.652
5286.393
16299.709
4318.434
24151.26
30741.968
24832.179
7320.44
8061.930
8448.647
15951.627
9222.179
22813.795
24216.862
12641.583
26668.128
13664.471
5460.752
29535.179
9362.89
19732.652
11630.651
32603.910
1479.519
21034.100
4455.683
1223.701
12250.503
19000.190
15487.367
27132.928
21727.834
22776.395
22846.170
24244.995
23408.573
6855.954
28654.75
32400.998
5417.785
3879.84
9502.790
915.117
1323.596
4926.536
2081.737
2214.705
13978.814
27732.840
29069.760
23570.709
8991.413
25177.443
29116.769
25097.650
10599.650
27228.145
20302.872
1821.163
5026.970
24853.346
5541.445
17095.778
11781.478
21853.919
13160.753
10721.881
27976.643
25264.791
10497.917
4396.82
9512.194
7090.780
18207.723
16332.440
20198.408
1191.755
32052.83
12743.555
24519.40
7673.207
14328.199
27273.152
12178.565
32438.671
20452.751
22371.359
28437.464
32527.875
1976.486
16903.859
11936.432
29402.363
6902.362
21262.453
29832.917
29713.441
23652.336
9330.169
25510.915
15697.842
25742.926
25621.88
29142.246
5213.480
20546.656
1592.876
11896.64
17560.699
3858.580
2052.503
6386.28
10638.747
16853.221
16901.197
1835.471
18795.832
10535.684
19113.189
7186.362
32642.339
9188.850
26822.260
19989.65
14024.450
15793.687
5649.514
32171.31
13398.487
19827.262
4520.274
7114.744
29163.25
9174.919
649.590
24689.69
2152.658
18887.340
10777.322
4384.699
10834.1000
20218.220
9886.68
22363.852
11859.181
10341.59
17860.754
10027.981
10681.38
7875.344
26396.68
13725.663
6901.39
19730.981
28313.454
32576.430
9245.661
12054.139
18193.135
24235.852
21867.275
16340.492
29890.765
13045.167
1981.878
10263.559
14282.710
5691.407
18195.777
31982.983
16046.56
9246.762
19731.442
3628.684
26836.155
20546.967
2952.147
17639.96
6408.281
19665.22
18143.18
4602.819
6139.381
246.303
16553.329
27779.208
1728.377
3938.398
29211.743
24677.54
24909.414
27850.797
22161.868
11463.64
4352.824
1638.538
17927.89
29331.430
3863.256
30835.853
24478.78
29432.873
5943.976
21683.851
1053.426
24041.499
27110.746
30952.214
24686.903
12443.636
7953.690
30045.906
2077.651
9227.886
2182.591
861.66
8156.640
11126.778
9339.654
3001.297
6146.749
735.921
8198.294
15686.593
30471.179
19852.708
27042.253
13149.128
13321.192
17545.964
21425.418
11354.918
8522.256
29988.147
18164.593
20509.952
26288.199
3951.809
1300.979
1676.48
3140.552
17602.528
31517.435
24079.98
5299.897
13878.400
9214.314
530.888
10192.93
29483.788
31498.219
16775.999
19728.888
1987.306
32378.336
9570.425
13837.38
7012.999
16873.467
5914.57
6403.109
7994.977
4310.702
5935.194
6998.551
3250.396
8486.572
926.664
19466.161
13312.142
21919.373
28270.308
11850.118
6811.307
4206.894
1064.141
21474.637
27068.369
5538.14
598.322
1988.422
27874.484
32174.931
15883.833
2183.985
8273.931
14315.483
14939.555
21219.895
20366.362
7444.803
20190.829
31798.911
17380.134
4552.531
24113.961
7426.659
739.756
14604.424
7286.203
19309.328
7388.411
14022.64
26063.453
9664.474
2918.357
579.826
9446.499
27881.829
8155.417
18610.308
18792.303
12025.677
476.964
24486.723
20101.670
422.15
15817.900
18328.831
20850.865
19657.814
25418.907
15971.675
14312.333
9441.751
13257.250
25030.945
26275.44
13711.588
24821.516
25062.813
2019.170
15384.333
23361.374
17353.805
25070.320
4583.107
12387.446
13276.839
15755.484
18184.123
31190.785
26734.659
23689.615
19629.129
23384.707
5171.220
54.70
12205.34
4460.163
26817.556
32744.386
25344.705
4056.60
10518.885
28536.72
6724.163
12328.526
19473.137
21954.186
13372.499
28714.882
12020.19
29479.779
13643.727
16497.714
22505.731
6155.599
20989.657
25298.190
18554.926
2903.257
2431.479
22762.96
24598.683
247.195
20514.595
25238.809
20115.359
8285.441
18908.251
3192.826
5799.986
6908.998
5319.402
20089.164
8302.616
21199.934
9120.373
14914.240
23527.610
4304.283
10313.935
14785.376
29559.170
19329.168
3655.606
23979.188
3684.594
32102.129
1348.612
15348.126
9051.693
2952.433
7055.775
24152.590
23275.845
15348.593
26775.41
16598.287
520.227
15418.808
18292.257
24624.840
3209.66
14319.502
8542.352
22636.412
10154.437
32555.656
18484.380
4949.362
23690.556
15628.543
24822.56
1787.901
17070.315
15921.17
24139.523
1071.709
17020.530
18239.134
2812.381
5384.637
26561.670
31584.940
9335.741
27489.659
17452.759
21183.747
1357.821
24408.468
25041.297
8461.114
24500.492
32209.309
17831.123
11263.777
2054.851
9969.610
522.530
20942.892
20288.873
15523.939
22841.247
16310.95
28035.639
24855.282
28633.581
14455.692
31895.108
17725.806
3953.60
27351.686
611.914
1870.723
30955.697
22558.90
2935.720
8516.544
18201.891
19096.209
21890.670
26461.832
24878.655
23575.847
2524.548
5788.953
32065.101
3182.855
2045.115
29512.488
13006.929
26615.612
16388.386
30571.403
7477.108
15886.681
7473.75
4437.422
3640.16
26516.411
107.379
29206.622
20609.319
7533.242
19131.389
27655.537
31258.764
24322.812
30671.208
24897.100
20211.624
26816.377
18552.173
16932.11
13152.7
14999.720
32044.865
7122.341
11928.561
11899.848
8325.673
14002.621
32055.817
7911.240
25024.377
17646.571
13244.177
7509.664
32575.676
8437.376
28940.748
14535.541
16648.967
7161.454
8430.291
21569.641
835.526
23666.846
20109.17
3405.952
20672.317
19609.103
1785.887
12918.341
3438.528
6382.718
19365.440
18893.219
12517.36
16050.960
5355.981
10087.325
4317.972
10862.434
25732.531
5084.742
15285.381
26219.106
26640.880
714.17
25326.834
22839.51
11156.58
22864.298
1000
21933.889
5158.212
23543.648
17556.339
2876.963
12751.266
6532.911
8253.673
15753.544
17547.642
23147.830
27898.268
5029.857
21753.815
23872.426
22265.58
23622.268
28797.146
11130.387
19568.396
22598.612
18364.37
11253.485
9240.776
5410.550
23841.360
17776.489
21421.638
22396.325
17244.500
4368.609
13936.283
5530.311
27614.890
7388.375
25508.176
484.958
1374.333
15935.358
5396.588
9578.1000
27223.491
29833.151
7564.942
2651.127
8071.785
23406.286
28508.724
30351.386
25201.620
11653.259
13016.95
13823.737
18396.856
22218.713
27866.845
30023.957
27219.229
5917.426
13630.733
11307.310
10403.397
13505.913
32101.943
6159.483
29792.167
16093.607
26291.841
18045.614
12383.663
24574.815
10514.90
12195.645
7997.276
16531.233
2412.300
24786.154
25047.721
31088.259
24628.930
14081.828
1488.717
5709.923
12254.70
10568.180
9231.466
10308.934
19299.69
9061.753
3902.529
26709.501
3262.433
28730.100
4684.261
27109.635
7025.414
13388.804
16107.804
23867.96
17153.941
30790.955
19475.793
25090.657
22901.260
17269.360
1150.468
27082.773
13787.892
17993.211
17705.872
10887.665
14020.162
5338.956
3033.389
8464.557
22723.351
29025.620
5524.828
9121.413
23793.952
9915.10
3364.461
1114.601
32620.711
29417.551
18839.300
17342.517
15827.144
402.523
7362.479
21301.746
11724.164
30335.86
12729.106
26506.412
25471.329
2078.639
31576.228
23405.617
26648.656
10753.345
12990.103
8690.208
16457.366
18268.441
26061.508
18704.720
709.52
3466.889
5547.516
3108.869
32454.615
18057.880
25924.840
30315.534
29320.465
17273.744
22469.266
5515.993
20940.501
22304.806
7970.722
15371.310
7254.119
24681.30
31377.602
21462.152
17519.306
25825.828
9485.258
16573.535
9572.144
15161.60
21461.125
21233.745
2564.797
17862.643
17642.258
18829.892
17190.972
15620.668
23956.724
25866.101
20001.97
2575.436
22750.562
2505.189
2899.669
12584.70
1557.368
29325.575
1179.702
19511.903
5965.908
29437.923
17374.492
5443.659
32732.666
18983.405
14725.421
251.655
25309.952
1272.607
13053.522
26928.940
4526.803
28869.979
24886.168
18265.235
6770.512
7621.634
28453.759
32526.19
26256.795
29077.528
10307.750
14477.829
26930.980
18866.909
12043.917
19256.537
24007.125
11778.925
17280.346
14357.213
5762.334
4940.337
6564.357
13389.461
23257.833
11707.12
16386.988
17326.998
22022.317
21344.295
5669.344
25385.186
5513.615
28333.230
21278.965
17236.575
6052.221
250.888
7171.910
4840.624
27102.154
13571.947
10858.847
22852.363
22401.525
360.46
754.489
24809.841
10268.209
23340.789
15291.417
12796.521
28161.142
30775.688
21225.705
7367.77
25800.719
8660.732
5412.702
21560.587
24522.978
5940.985
5147.545
6241.917
18599.427
32745.738
11517.366
28918.105
11712.721
28267.216
7934.840
30675.314
24766.143
29334.312
12760.738
13171.726
9482.477
15402.944
27719.207
377.990
28242.677
19786.830
23180.980
4395.921
12043.630
15614.497
25835.609
28146.762
14057.860
2482.941
13869.876
6620.533
8552.406
31668.372
12831.677
14362.101
21575.718
6073.592
31761.162
18306.417
3591.733
8537.97
3416.813
27917.770
1136.956
11662.421
23500.465
20058.687
4877.36
17721.491
4171.353
31786.913
31147.431
6045.96
19764.554
27874.735
10974.941
15586.131
1260.524
1805.620
10876.872
2195.864
24669.436
15319.564
31776.992
27681.840
13682.908
12690.322
8617.584
26974.726
3484.762
32309.949
10680.591
5378.556
15440.245
29144.287
20021.936
10537.461
1415.148
28986.700
8906.19
10195.728
21564.750
24635.617
21350.529
3428.947
242.203
7266.59
29372.603
4897.110
10284.521
1880.675
22722.292
441.644
4338.464
8555.560
4403.979
5049.85
9043.791
13324.549
23053.274
26646.766
28381.724
3153.527
12819.785
1192.72
16679.865
17779.849
30540.508
26793.461
19527.521
9041.536
5506.856
12090.846
23900.911
31980.30
17604.642
16862.200
8966.911
14058.443
22500.529
6909.570
1001.59
19987.799
6906.735
6243.505
1326.423
29142.482
16864.756
23998.492
16642.261
11973.133
26291.883
18211.880
27924.922
10517.126
6232.882
27530.973
28955.855
26399.216
30965.14
12109.143
3406.242
11233.648
27764.365
26285.350
4330.962
24958.161
22276.59
2126.214
8368.46
5050.521
27543.478
28598.264
3429.743
31359.481
2660.737
12241.55
14928.89
5211.209
12135.797
30064.524
5055.870
20735.810
28892.891
31173.690
5506.147
19393.802
3528.603
1256.435
24942.481
5659.372
3184.648
86.769
26075.814
4650.806
26848.978
6509.662
5159.113
23856.705
21350.451
29681.805
10033.57
18962.539
32532.130
27786.326
31199.31
27611.360
65.147
27460.822
28056.695
12343.469
15112.725
17933.29
24778.787
2553.396
25031.162
13114.134
13670.344
11157.532
930.51
19459.786
26463.623
20903.846
11006.985
7938.62
13103.589
7530.696
3078.741
21176.592
19538.491
32578.902
17194.106
22537.334
9160.311
12595.668
9115.477
11451.511
16023.226
16743.925
5584.36
11770.647
7239.784
11435.143
1539.548
31447.471
11620.563
2291.396
25269.177
26308.67
23040.767
16338.371
11046.178
31770.971
6190.311
22787.853
3550.986
3731.51
4744.607
21731.624
5927.856
24016.795
24235.841
5876.448
28560.696
18389.847
17333.24
24667.921
10860.968
2952.720
4301.320
23139.814
9297.484
6965.289
924.820
12536.421
29081.658
32525.3
16076.902
15661.625
23780.799
18338.194
20624.594
16311.295
30100.88
4205.317
18716.195
11119.689
11856.225
4680.690
24872.221
32724.510
2946.370
17908.311
12402.289
13190.351
25049.277
5781.242
29753.797
11980.932
9415.594
9265.939
26050.617
22032.285
17668.795
5684.356
8407.347
9309.721
7945.760
32239.552
6723.820
21992.51
31126.508
18708.369
9815.616
8836.128
5165.733
17468.768
3944.538
2092.802
17812.896
11618.9
15438.702
9597.888
10839.715
22117.565
26343.45
9273.540
25412.754
22409.30
25234.845
13254.948
25581.35
20982.70
29365.110
5036.441
20777.585
16952.609
12600.62
11803.235
28563.245
25278.502
1287.21
16995.794
8714.400
7771.530
10388.474
8057.78
30768.218
4808.653
16466.988
28281.257
19691.806
8991.195
315.170
3359.680
29926.476
6753.828
26443.4
30796.22
32017.182
24050.644
31746.536
18055.905
31005.819
12312.636
11494.102
12921.306
25089.623
640.887
12799.44
13680.841
1144.121
22712.317
1114.290
12766.55
32640.955
15030.764
25735.727
11735.970
21213.494
14159.915
28954.578
7574.501
32148.452
30401.813
19757.898
15864.957
11376.316
23850.524
22237.375
32511.957
30848.465
15631.827
28105.318
32337.283
13719.323
6614.234
18838.817
4535.985
20683.60
31308.950
24685.989
24990.269
16119.12
19231.846
23931.562
5017.185
31545.38
20837.311
10096.14
1245.11
5492.433
11539.114
30465.187
5316.830
20687.872
27527.49
32102.4
32586.640
21044.51
10751.461
6877.52
18323.658
24274.659
18464.243
9509.560
12899.483
10908.842
10864.385
15876.327
20644.501
14023.896
3292.174
14785.441
6628.630
16464.391
25907.88
5546.389
5845.920
15988.896
21928.724
32400.898
7115.258
28982.220
12116.962
26438.847
4929.693
32732.28
1202.702
12069.994
22613.263
10098.113
19489.527
22667.13
8519.748
31046.437
4709.404
20312.244
31229.288
10602.288
15655.994
16240.857
20098.726
27958.516
23920.551
31547.865
1411.420
27075.649
4658.123
29224.940
10961.76
12913.858
31424.242
14117.16
10722.453
22370.957
14672.19
5929.206
6223.152
1020.495
1408.188
16299.756
4183.748
11627.319
20174.531
29992.617
7003.771
20764.86
28447.742
22945.436
11360.330
17219.189
27961.812
17178.478
10896.148
3415.687
20297.690
8732.339
3001.751
23697.794
32094.184
30772.534
32461.390
112.170
13291.185
24178.930
9824.654
31032.598
1609.230
7146.529
25389.889
5742.466
28979.843
19511.24
11922.398
9565.99
32072.360
5619.609
1295.655
12181.278
29069.234
28992.888
24779.625
18790.922
5608.208
32322.414
17423.408
28778.793
1446.582
27555.25
21448.352
31224.914
4598.885
27918.570
521.213
4530.698
13419.793
16820.510
18567.68
18424.15
4478.690
19146.695
29468.735
12402.283
2826.84
12808.456
31301.901
4234.271
25294.359
8236.115
28068.408
7663.70
27887.311
885.198
28286.806
19732.549
21107.700
26153.970
14909.760
12207.370
25543.603
21776.3
17647.566
25402.554
31546.692
22006.139
25542.745
3957.153
28544.619
28204.87
1942.287
29923.390
5680.575
14600.504
1883.603
2888.140
22085.710
3681.787
31408.26
12337.267
19105.646
14611.345
9304.191
25964.596
29829.253
15745.584
27833.656
8076.217
32283.426
12302.368
27740.310
9318.34
3309.746
7075.967
1647.657
31127.33
9323.220
30764.638
4931.106
25340.167
6248.134
12571.298
6862.752
28983.829
3997.446
15332.604
7978.91
8241.612
5669.905
15999.905
30484.228
1427.133
16383.31
17897.194
14445.547
3915.450
23440.188
3235.645
12989.807
21006.683
13343.137
20785.450
31147.82
26576.554
25686.386
15516.999
32646.970
24141.895
14535.934
22769.389
16320.497
13700.685
8805.194
6080.705
31086.285
28214.819
14599.781
26782.723
31177.113
10348.892
19945.237
24484.314
30383.275
20974.71
3626.169
27629.871
31011.868
25805.999
13647.165
7707.597
22472.43
13786.628
20414.738
32467.671
16746.178
21292.313
3396.515
30012.258
22390.999
29342.229
9104.448
15748.791
22653.269
28750.106
16566.735
28508.179
23221.864
23840.160
3501.142
5239.814
5752.733
7481.322
16593.123
20238.903
16579.623
5764.128
16481.100
4191.270
30136.699
28465.836
21762.311
24362.41
13085.229
23600.813
27707.211
11826.872
25306.624
32698.79
27383.741
17090.593
30078.90
22473.809
4102.996
11046.932
3259.390
15515.374
26267.614
17709.280
13798.545
28467.108
18639.705
21678.604
13432.397
14296.328
29213.362
10752.175
23696.41
5268.736
8677.17
22656.137
32110.198
30646.96
19946.674
32014.727
23545.148
5713.149
25811.462
5264.739
15674.291
18107.237
8365.57
25199.698
223.507
28430.493
26983.658
26389.213
19385.212
938.889
18261.301
26229.184
16958.534
5553.232
26030.564
32387.510
21256.171
29066.21
9486.674
19895.250
4436.216
19807.480
15860.423
10638.295
8068.143
1951.835
29509.383
25865.721
10653.432
30076.165
21704.474
10029.882
28618.668
16750.554
4520.605
20865.119
1000
24791.592
22958.520
23285.664
30355.952
17591.936
28348.596
22051.350
24691.148
30463.193
473.483
8073.665
10038.794
12648.502
910.826
23779.323
22389.633
26193.452
547.791
24528.510
10443.24
11066.694
26665.957
22613.716
17499.775
13130.865
19185.771
5977.920
6983.989
22986.625
18707.414
24871.843
19770.319
15528.75
30952.283
20463.400
7903.319
26357.449
26383.358
17989.1
103.115
2920.193
9452.501
29088.567
9224.106
20185.686
26404.317
23772.262
9337.210
8902.901
13346.949
4792.550
15222.917
12241.393
8854.286
20569.571
2114.951
20543.80
10225.729
18374.14
26144.130
6779.956
30442.585
29290.915
21209.842
31633.67
28156.20
29589.793
25913.866
25012.183
5605.423
2811.340
21394.341
30393.126
12328.703
5939.982
2616.477
27289.171
21900.456
10297.290
20995.487
19955.636
9372.922
8685.735
1744.717
31880.634
37.727
28306.996
24064.3
6077.92
23994.718
16719.430
15607.67
4380.996
9267.219
26801.811
8094.153
17619.832
6698.357
12584.995
3810.527
9267.490
25725.119
22406.305
10035.2
28722.433
5327.960
2947.702
12038.787
1002.254
18439.818
571.823
15699.351
12056.576
21711.990
6317.570
28695.552
8351.192
2582.335
1598.117
13012.530
24834.301
32142.731
7989.919
5388.335
23789.1
27183.549
10045.909
12490.563
32684.946
7858.533
13286.470
8473.88
23986.339
31767.462
7972.519
2186.123
28436.473
1056.224
2511.208
10162.69
23051.150
30676.596
28193.197
938.539
19830.489
1533.354
16954.246
7309.398
27478.995
2473.14
10911.216
13310.748
17232.956
22701.446
15543.81
9120.158
23854.612
8733.726
20813.432
17307.1000
21342.674
23765.941
26385.299
24862.484
32114.849
17908.549
5399.919
17623.647
10910.918
28508.831
3415.59
18813.202
27709.923
24115.364
12075.597
583.938
28748.599
14692.597
10708.804
29042.616
27629.820
2079.52
12020.188
20158.258
5606.223
85.393
13589.973
24049.608
12576.84
25917.518
18977.756
21843.312
10024.591
30162.283
30185.481
21553.35
12977.220
27475.859
11423.359
26971.830
6672.128
1985.269
20827.199
10662.986
31167.485
13412.84
18585.286
22122.820
7898.907
12359.615
6841.130
5124.717
29093.57
20151.890
9854.81
12373.275
28676.352
17864.715
25488.194
31041.678
14338.521
3280.78
13562.874
9010.428
8779.961
19178.489
19372.864
16275.142
27825.36
21876.489
6394.545
17237.80
29867.775
16017.875
20763.957
7533.533
465.437
29608.331
32172.984
23891.305
8289.867
27619.225
8235.802
27013.293
3005.20
26289.815
25724.255
17922.167
10475.742
14917.709
25446.32
27344.671
4372.947
12821.637
29975.160
10870.659
11269.897
32091.263
5020.680
10370.123
23217.34
11671.917
19818.796
24581.958
12717.220
17675.600
18392.276
14866.643
17331.922
21822.298
20899.723
13379.897
31776.18
11642.394
1384.475
5940.88
2421.333
6478.731
31789.527
15621.150
22490.410
12044.749
4057.855
26588.43
7062.467
11852.347
11704.840
10337.701
27544.126
28263.763
14584.10
21568.148
27634.565
23805.777
32046.352
3243.871
2136.902
3183.780
12497.716
21718.429
16037.540
21094.327
1982.456
14457.717
31063.277
30283.402
21939.421
593.231
31246.306
28620.463
16596.256
671.56
21521.986
13661.901
1064.416
26023.634
30409.103
6837.208
16925.826
6706.866
18499.991
16205.695
26368.621
18445.768
20402.597
3300.780
7046.534
22152.843
28651.646
17918.904
18247.989
759.458
12776.972
9312.844
9021.982
1845.36
8006.949
1942.681
23625.833
20508.697
11463.101
13165.145
17838.258
17422.638
13520.256
7801.772
7060.850
6512.669
491.961
20624.140
21894.804
15657.619
26951.759
20813.217
2293.825
18727.920
30003.946
9870.790
23475.813
2778.50
8103.658
25335.306
1656.423
6584.75
7355.280
17517.424
26465.717
32183.974
13613.955
25243.816
9324.982
26070.846
12512.957
28016.603
24061.894
28308.727
20824.851
31647.194
29020.677
30839.219
23614.65
26910.144
19252.688
3719.502
13794.771
17832.804
18965.390
23760.387
2996.117
21307.288
12532.277
14052.517
3786.532
5274.708
10662.195
11862.846
15966.146
27596.796
22376.997
14656.36
16973.598
18587.469
31066.524
26814.190
21913.338
26390.740
7424.978
12144.539
16615.788
7695.776
24768.33
14332.740
25858.285
15774.835
18022.701
19338.214
21846.525
32156.845
5538.397
18503.873
630.693
31785.137
20105.862
10211.651
29846.707
19495.446
11280.632
5651.885
5650.401
5053.766
13973.471
5903.876
3557.799
15061.458
26198.35
15892.322
10802.485
10653.845
22007.872
29667.443
23231.233
5898.581
1280.671
19776.305
15221.111
26448.749
10844.219
29044.832
12002.132
6763.582
5852.309
4300.162
2231.642
19098.49
10162.193
27416.12
18506.7
15071.470
18678.678
26157.991
25365.726
30080.296
2085.706
13412.464
7989.860
31369.215
13981.403
2840.753
32236.324
32327.589
7202.623
26924.654
13856.900
14286.985
14684.726
28034.904
16089.182
16245.271
6743.235
15749.53
27079.552
32085.638
14593.510
31648.190
3513.316
10189.656
28591.972
19908.472
16679.177
20993.886
31641.430
29670.276
9385.416
2646.193
3929.886
28287.687
15742.935
2295.554
30065.669
13579.75
24582.633
28244.796
17090.128
31883.772
10824.492
4509.284
6421.718
3586.843
3693.986
24395.168
31125.355
11515.190
27971.434
18328.253
10067.697
3586.510
16571.684
15619.671
6593.522
23846.360
22124.735
17101.413
32568.62
21630.541
6669.687
2942.418
20338.579
25249.586
28671.95
10080.677
28176.256
24876.800
8129.572
17154.602
23830.666
23360.781
20089.490
30135.623
32618.247
25601.577
2418.164
8212.56
27480.573
32024.170
24728.736
23158.819
19729.252
3378.289
4350.329
29562.725
22823.80
26239.315
16217.195
32387.387
20243.136
23859.665
17026.835
29240.313
2991.202
28169.744
32248.261
22275.863
11197.205
29883.521
19547.915
1427.63
15966.364
29323.514
31218.524
30042.529
1947.370
25790.715
20262.971
6928.239
21216.33
11035.74
11013.572
22318.809
21883.641
32368.79
11712.987
29812.762
8482.199
30477.129
29486.845
13924.528
9834.132
9031.680
23879.308
30660.304
18257.554
11767.201
28329.967
22816.312
31157.938
5368.749
13590.592
32582.84
31194.41
28589.953
17395.148
25032.682
3304.686
17785.711
16075.511
10621.565
21355.725
29764.596
29642.437
7936.614
11218.479
9981.817
1603.242
10544.414
9456.120
23570.210
10539.659
23471.173
126.840
31737.466
27036.403
5475.966
17814.587
32683.309
2386.903
12023.73
25402.729
10020.76
26929.610
14683.488
25291.54
16357.932
957.993
19520.74
10898.947
31602.871
30624.40
25757.803
20539.491
21972.818
8744.444
21293.706
31572.463
3095.54
18886.63
15086.161
22483.930
8909.351
22673.463
8100.41
6286.206
31882.56
9921.103
1108.260
2496.333
102.340
21812.604
6601.113
13194.1
20606.246
14316.897
32018.179
3184.685
4211.203
20623.308
1538.618
15320.825
15337.187
22757.199
9647.872
27791.90
3338.899
23902.88
21748.245
12099.975
29440.958
26506.569
4847.868
27914.566
6270.959
14495.696
29571.468
27098.93
31288.96
5110.168
15831.528
22286.745
3431.183
6542.758
6869.712
30184.794
30278.156
12424.462
21420.445
18953.597
20119.596
425.492
8271.609
23546.73
31775.961
475.242
1523.4
2983.130
5926.919
3244.945
17813.704
29407.481
24824.81
3789.192
23154.246
22485.882
19046.826
16533.718
2189.175
12194.909
2629.620
28796.582
31532.196
12481.622
17390.573
23968.134
29531.302
30097.533
15805.13
8771.999
1640.959
11990.70
10130.97
11851.328
27749.191
26169.290
29011.419
20929.276
24234.352
20675.372
12648.343
22354.279
1616.706
12646.829
6973.127
11985.52
31415.160
19317.352
1476.360
10163.202
20480.264
25895.982
496.740
15250.874
13716.839
23063.380
315.166
26795.187
9371.468
15815.257
3105.177
7263.750
7814.776
3608.1000
2211.305
11702.683
31622.892
30163.764
4293.168
26583.322
18706.915
7972.190
22800.714
9361.434
14438.259
5658.17
10001.113
30422.118
7422.856
15145.295
22488.586
25914.507
31519.689
17831.257
30330.254
13432.491
9806.418
22098.355
25231.931
16877.453
28630.872
6600.622
1716.160
28188.643
25927.800
31502.132
7946.668
5928.106
7921.625
26122.631
4022.360
9053.485
7789.845
6665.42
19295.728
7080.907
15637.219
3130.127
18867.742
22042.741
10888.664
23089.183
3554.447
12393.73
31527.786
19556.829
15649.44
23151.265
18074.507
26801.964
17705.522
12456.620
22091.332
5335.900
4789.555
9912.220
25577.88
18680.665
22536.555
16867.463
26599.148
21022.876
25444.371
9108.790
30715.142
9394.840
1428.465
9175.809
13727.363
16134.389
2147.798
31711.121
19603.599
7117.105
13603.431
128.724
345.41
13470.106
27431.909
27829.877
20408.68
5237.238
17993.213
15388.457
6458.48
31281.51
21861.641
5493.875
25518.310
2839.343
24795.948
17703.769
10151.144
5453.402
16657.658
18363.340
12026.726
25184.38
17647.622
25694.636
836.778
6591.422
10338.218
22371.610
27745.989
13117.764
6874.251
3264.436
32502.24
31123.953
21963.193
27276.389
15081.908
7388.897
17199.587
11143.651
14820.66
21784.580
13315.474
18834.383
28117.756
5289.63
9925.449
30770.192
28529.370
19161.729
7677.292
12050.160
23724.62
13906.550
1713.742
17534.965
18242.240
18340.687
12015.552
6121.945
13106.83
5058.248
19527.161
19559.498
9533.454
22149.545
4686.465
4915.483
16748.988
1320.741
22812.685
1579.506
31111.52
28874.678
21454.102
4687.672
19359.329
30960.871
22278.506
29254.980
4229.972
19969.225
12134.729
14553.120
23120.837
17352.63
2073.289
27510.826
25307.606
13301.802
24906.738
11438.941
2628.976
28827.29
5802.339
30391.653
25967.435
18099.442
30190.604
26091.222
23681.882
4248.187
25935.626
4935.942
22885.357
22666.618
6665.350
32493.518
1610.854
2859.897
24284.485
2722.766
7203.244
14853.643
27278.809
1105.942
16678.515
28162.257
18023.575
16518.797
30542.882
2546.230
17587.560
17652.102
6873.916
15624.428
1860.808
751.726
28874.688
1374.356
5613.874
8691.823
17768.784
17004.34
1288.682
23067.496
6845.877
22421.822
11249.961
24235.314
26392.234
24219.421
27529.604
22663.101
25484.100
27173.885
1204.757
28857.801
27247.785
22592.821
32475.529
27374.373
26075.926
13531.587
7787.952
20474.244
20016.231
11338.684
27475.977
1000
10320.155
14480.779
3524.847
18314.923
18059.812
30050.269
24037.234
5511.205
8680.623
16080.197
31021.564
28360.831
16585.371
30537.757
18046.105
27212.230
13107.81
30719.300
31138.938
29464.876
7505.417
28521.878
26051.898
11957.998
20975.667
20419.513
24561.337
29616.468
32000.104
19849.938
12704.349
20506.404
24088.534
28160.430
6951.396
8198.784
4851.639
9646.298
26178.819
13325.699
29164.91
1756.748
2193.35
1997.168
29831.313
27.95
22038.695
2149.811
12776.26
10940.754
17339.471
27387.622
26969.431
10582.178
14794.248
4918.142
7368.406
5701.732
30323.97
2500.275
15174.33
549.132
74.431
726.731
23433.302
603.512
10438.26
29855.103
1643.136
20364.445
7875.742
15833.589
4457.820
29731.346
4353.275
23616.101
2341.453
2768.72
24738.622
13076.716
11237.33
3332.760
25520.701
24987.372
29714.330
12662.221
14229.711
10653.809
12985.470
23201.357
9121.98
26087.693
14861.231
5443.293
2952.715
4296.517
6115.51
9951.210
29153.217
23191.378
24628.213
11324.672
2728.570
20523.74
1951.883
18404.655
23997.173
4449.604
19940.182
24743.57
31075.166
6042.160
14442.885
28693.925
13506.301
3130.44
7354.986
24839.623
613.47
12074.160
15106.819
32279.246
21180.420
19799.891
26772.50
28707.517
1691.207
18225.403
19044.222
19662.859
29113.530
10029.25
8077.472
13567.18
27954.951
18499.578
7116.198
864.491
31238.304
3185.576
20995.44
2784.641
29592.687
9014.743
11960.982
25905.314
21039.254
24600.480
659.423
20811.153
32120.865
8478.41
7396.333
8679.638
12035.63
17750.419
30235.227
15365.284
25793.229
13136.411
27214.173
9575.715
25485.907
28577.306
950.824
8980.212
18848.453
17250.69
21810.303
26581.55
12571.556
29359.454
25794.431
21179.960
25216.2
808.681
9742.572
15767.837
5945.465
4723.903
1245.514
23425.730
19472.924
15544.150
32670.509
10066.694
9142.876
4899.215
20962.345
25130.227
22844.485
8806.255
12000.578
8682.346
17053.678
2356.871
3056.333
28603.828
25394.261
7879.972
31504.118
30341.394
3644.969
10587.904
5474.119
16761.70
6494.470
9393.342
30124.824
2696.488
7967.916
6285.618
17110.745
6377.818
20845.64
32568.263
19056.922
12183.116
23573.322
15358.63
11050.604
3025.57
22348.61
8625.422
3930.797
29592.704
18985.787
2341.751
30585.447
21556.60
15656.942
30642.254
5286.945
28848.941
23721.735
21941.900
13090.805
8281.644
11119.907
13583.943
13522.217
7491.714
17698.513
10149.615
7104.758
25284.338
12493.814
9694.378
9370.836
7158.66
17248.785
1320.897
28978.892
8762.639
4655.199
32371.89
17148.500
2992.894
30066.560
17588.826
17811.463
18880.251
6851.912
11107.571
26933.474
22420.278
10147.359
23806.37
19778.728
30875.737
27637.442
8580.315
15040.687
1800.508
9344.7
13563.968
11994.41
21072.289
19826.13
11755.505
30045.364
3504.16
1240.194
29664.271
21306.642
20133.219
32039.450
17899.46
16647.281
7026.635
32694.943
20769.129
13693.596
2462.58
32578.971
22299.892
32763.472
27763.303
14953.800
25717.824
13058.584
4991.485
28207.353
5968.210
7863.482
6423.780
6267.535
30159.132
23397.232
16591.55
19099.421
21661.643
25592.464
26116.588
3004.699
19814.120
16514.973
31315.359
19315.287
17753.703
16570.115
5150.31
25655.495
941.539
18040.910
3342.359
11749.72
22553.640
8250.396
12427.367
8251.563
20826.623
29603.382
31302.481
1373.770
945.461
14326.235
25776.828
15443.847
24418.180
16543.821
18305.172
2952.414
5942.569
22443.18
17970.792
844.766
5882.996
26699.85
20098.842
28755.564
2558.851
14677.58
9973.267
24117.928
29079.856
14275.317
3408.580
10732.246
19357.550
20786.780
25887.366
9305.70
18670.176
24163.281
30255.91
17599.508
5097.51
7614.961
15124.795
27462.849
9971.335
15818.679
16292.256
13177.216
13046.745
30646.521
3962.483
22217.242
5597.68
14804.330
13428.996
7944.987
24857.899
25112.551
17718.213
26862.803
28703.192
2206.650
933.296
13976.213
3816.513
23073.546
2924.885
20996.363
12399.77
644.57
4218.141
32662.928
13623.812
10061.828
11650.441
16534.292
16834.437
29221.598
17018.844
9647.204
9499.485
11098.318
25373.437
12658.592
20301.886
25693.445
21865.302
19153.875
22506.637
12868.721
8225.55
16292.830
5253.348
30793.588
10572.700
22312.238
16184.262
16969.229
25780.354
29819.865
11551.606
12102.638
4712.303
18721.845
5339.496
27621.84
3386.215
6018.545
25872.174
15600.147
10562.783
1385.369
10983.716
6614.136
8793.742
32391.198
2188.620
22310.244
6815.623
9966.700
15281.707
24856.472
10486.665
23958.571
13322.434
1540.963
30597.134
20188.503
14799.687
20713.517
29238.823
5886.616
9277.585
29671.800
1335.863
29856.618
8213.168
17093.362
27517.340
2890.126
1564.386
15724.885
3388.377
13799.87
16793.286
10858.855
28272.175
26952.758
18138.357
16752.234
11608.207
9887.551
6575.436
26068.164
4342.993
32261.969
25581.21
28944.688
10128.792
8436.346
7148.59
3393.715
30002.492
1229.273
15114.528
8105.936
12841.727
5459.298
1062.578
17197.213
6537.264
30510.173
23078.298
21208.380
18345.243
23146.351
9841.124
1110.203
10402.359
23797.655
20341.730
4730.228
30419.382
32037.899
16163.929
30649.5
18784.145
7215.353
31086.450
14508.361
12974.249
4273.182
17104.498
16017.742
28392.175
18729.643
22212.794
16843.357
8829.718
32379.778
11853.560
17502.733
10400.747
30319.437
22126.213
7284.424
29127.916
22065.768
22192.541
3803.524
29229.766
1231.586
10143.826
31108.732
8272.397
7614.832
14669.281
3589.52
884.72
29526.666
2509.290
7192.128
21022.466
8529.812
19385.508
27674.134
8345.538
12113.614
7341.128
10637.687
8052.972
17239.572
19402.866
23959.475
27138.702
25676.823
12340.123
31104.890
25816.244
19580.98
3988.233
28984.851
11347.788
19477.934
5271.45
26062.792
4880.115
15276.54
21869.363
24570.512
12402.110
32441.236
27211.654
6805.588
32544.249
5655.418
5097.210
23835.579
2948.396
17029.762
29188.888
26160.239
12877.313
14119.343
18910.558
26136.69
28397.888
23557.313
23737.332
2365.265
14876.531
8331.181
20063.512
4781.991
30803.898
24071.394
7069.475
1689.915
30802.248
18991.886
8388.970
25815.746
411.979
31128.7
12327.573
29537.422
29428.560
29248.570
14495.643
6356.382
28905.949
19973.207
31754.820
18162.404
9288.646
27947.371
21959.622
29985.533
2211.217
14555.813
4412.65
10986.189
19153.393
30110.545
20561.843
6778.976
14189.255
9702.353
498.748
19236.682
14678.660
31877.567
26768.275
21469.656
26669.552
24372.539
12449.464
9662.925
9947.974
30990.683
5916.391
26246.694
21000.478
23826.526
8190.283
23318.958
32421.26
14500.552
23751.425
25075.266
18531.985
5644.306
17149.161
32199.150
12345.599
12022.799
4776.769
28640.383
2786.99
20209.272
19669.953
25263.831
32604.600
17904.185
14868.304
9290.372
5483.244
27340.545
249.53
28907.313
21524.684
11711.558
19614.495
19824.819
28706.950
15083.142
799.22
29145.829
2724.357
11473.399
3101.415
17356.517
32621.337
20186.464
10045.308
24852.788
17299.532
28626.934
21158.754
14878.706
21489.518
17512.1
16774.489
15483.176
13221.162
22959.676
25229.231
3424.333
31378.927
6048.352
30320.526
21545.882
29663.32
21397.913
13927.305
5330.677
19574.413
29392.560
2736.627
6780.25
20870.695
7410.807
20746.729
29166.684
16129.800
32388.272
13114.114
29714.592
7711.728
7026.558
3466.110
24692.59
13274.57
12683.771
25925.444
1990.224
32624.828
11010.897
28476.83
1631.595
18659.322
8432.368
9797.146
3767.80
16252.212
28112.14
29110.863
17388.573
10308.531
20481.202
23534.380
9280.243
7306.713
7240.824
22733.45
921.553
22624.518
75.865
7222.268
5632.201
6430.36
21783.432
148.766
2594.170
3037.803
410.198
32083.451
13266.788
19453.694
27946.318
11618.33
18053.903
29087.764
509.226
26040.793
8149.972
12332.799
16302.44
23500.521
8702.194
1228.657
23999.646
23579.872
7780.722
29936.698
32273.347
4262.733
20491.987
23753.787
28526.995
22385.609
26142.104
19918.991
32767.395
10501.800
7785.685
32058.764
24534.746
3822.597
28638.606
17036.6
4966.493
10814.339
17684.543
9733.204
30214.564
18953.500
18115.237
32558.986
19569.340
4583.781
13897.76
9039.685
26441.11
12406.848
22568.390
9208.554
21903.886
9685.777
28294.771
7548.984
10029.566
6697.593
17324.939
5489.745
16236.743
17436.911
17544.798
26930.332
14206.264
24408.50
11051.260
19549.862
20726.430
13073.944
14667.261
22358.749
30795.480
10361.914
705.939
9666.115
22360.548
29001.301
18444.139
1292.201
30687.873
15935.898
24781.792
13027.106
30209.107
1434.7
13897.303
11194.172
17096.331
22944.61
19947.196
2375.530
30366.548
20249.640
25535.620
28932.212
13266.983
29649.594
5367.489
4785.509
6426.679
21785.104
6762.113
14032.348
17420.686
5703.299
4880.526
23848.612
25508.6
5937.584
24199.688
27459.637
23233.121
10934.304
1938.551
27376.488
29352.754
23862.409
16020.833
22721.727
7551.425
19221.467
25625.746
654.266
18643.803
1852.220
9038.415
30193.563
16403.519
4503.933
7300.874
32455.43
7955.482
23960.763
8113.305
13749.875
21641.972
26803.71
30447.63
7841.820
13459.129
24800.982
16635.873
22325.39
6960.561
23324.657
23479.979
21855.294
7874.25
6632.582
24232.760
13779.945
21139.600
25544.885
9592.613
6792.954
6477.418
27077.196
27254.527
6455.625
1920.104
15852.620
28945.385
14816.945
22047.390
22989.946
16481.663
1348.513
25859.820
13565.726
28062.229
9068.700
19815.718
27540.999
30375.537
2592.841
1131.852
29872.702
11388.236
15217.892
3473.898
26864.742
11716.101
5168.739
15683.992
22778.306
29000.670
10868.209
2891.851
13301.263
24694.453
15384.23
30041.51
15887.54
479.372
11578.78
29056.644
5880.60
13241.394
5822.134
28857.21
20582.913
30302.856
25801.290
29023.955
5263.60
18123.61
1350.626
8626.31
23730.797
2337.330
9828.104
4692.804
14222.490
808.255
1302.99
30927.354
8169.35
26311.404
19346.335
525.478
25355.734
27790.304
32723.995
13534.127
5952.555
32300.805
535.922
25718.330
8794.897
28921.90
7009.923
13036.519
20524.663
20589.857
7160.88
9148.410
30992.132
1000
14503.518
2534.58
15941.523
14434.688
16615.190
24442.604
16460.255
13059.809
30228.237
22983.475
24695.589
28119.527
25911.687
22307.181
8403.57
13383.71
13822.40
17832.167
12623.180
3776.60
21818.36
8630.573
25151.154
18738.97
12129.960
1135.982
9946.411
2450.857
31501.62
16954.133
10172.498
30296.103
4987.829
6465.722
25957.369
27905.502
25357.591
28658.911
27320.915
18574.299
24009.682
9090.859
3964.681
14339.621
3031.543
26213.50
19166.430
9450.820
9223.542
11992.778
5613.675
10702.351
13896.31
13655.280
24093.203
6336.989
26162.291
807.801
1989.639
4565.293
13693.153
4302.154
161.788
10661.246
24200.529
29845.513
25169.224
8142.448
16084.693
8461.465
9431.529
9583.176
20870.603
13191.161
24861.302
13230.544
14824.77
21146.790
9069.356
29235.676
24040.304
7329.221
19959.226
11690.366
4247.608
9787.138
2895.181
24132.444
19627.595
2249.179
20716.765
15927.85
32510.961
244.189
29098.462
28729.911
24845.307
7460.783
16457.896
13833.420
25466.273
31754.322
16876.528
14055.40
10379.170
6935.679
28826.669
22039.365
3752.311
13570.937
3520.211
6498.719
19169.672
12357.966
1197.299
8084.657
4965.38
7585.395
23829.945
9983.22
23052.160
18070.373
15759.733
9206.32
5839.399
19436.736
32280.322
26451.372
8778.697
21549.428
19085.274
21747.628
8257.489
18985.619
21812.424
10804.876
31256.862
11120.324
6452.453
21630.542
26969.120
26331.875
11544.988
22455.878
4658.374
19204.175
9552.509
17613.390
11764.370
1225.379
1712.198
16432.363
17814.962
11725.950
18671.869
6229.14
31792.297
27383.834
26921.783
27700.749
27008.621
6897.800
3166.933
25034.967
1128.887
5290.411
12785.114
27800.515
7533.847
30164.89
30249.870
9251.146
26938.221
359.373
25780.293
10866.232
6940.288
3612.551
23327.321
8851.887
3971.106
1267.339
31583.28
14103.796
1671.58
28590.630
11851.887
12433.64
28257.337
5972.444
13855.414
7194.80
15853.150
12974.796
20731.761
464.413
24367.859
9421.138
27490.876
11091.941
10699.373
19330.884
25275.360
31302.401
28043.791
24037.814
22483.120
20180.477
3293.912
23247.487
4442.349
32296.315
10067.832
1888.137
28258.139
22772.424
21537.191
32121.517
26851.578
16875.61
27810.351
19011.908
10297.165
21575.951
26323.437
7334.999
9124.798
6724.327
16343.947
979.320
21703.608
21411.987
30321.841
15803.7
31274.140
19496.147
5517.783
5525.966
27064.845
16924.925
20152.821
21084.990
29505.827
23756.226
9378.515
13646.255
21241.620
13064.343
9635.650
2159.795
13303.654
24996.37
13876.249
15620.652
17079.70
12795.633
27506.552
6680.74
20377.237
20583.220
30110.545
31483.398
352.589
4810.404
6816.34
7614.369
6068.345
20232.841
16511.604
440.446
15776.226
16778.273
2026.279
22019.683
27668.602
957.789
30386.740
30720.789
23652.941
4753.425
12878.409
463.337
2760.443
25851.640
19030.633
26840.251
18650.544
4724.14
4872.881
11333.603
24603.580
2423.684
4038.964
4997.891
17518.716
22023.792
28054.584
31947.731
22171.263
30758.554
3489.511
15244.557
14029.337
19039.832
8117.630
1797.41
10004.139
30781.322
19651.241
30899.985
32228.193
1234.463
29024.294
6873.862
10389.890
24881.135
26696.646
1790.434
15841.692
4852.598
25815.495
5227.20
8297.22
27318.695
23951.828
5809.239
12592.268
19098.599
1685.739
11298.235
4638.494
31939.742
23603.606
7251.147
30846.473
6618.530
15703.371
18081.453
3968.53
32651.995
5651.372
8360.173
27320.77
22280.864
6683.512
17613.938
2206.554
11140.168
3915.888
4278.7
25868.392
4281.274
10270.82
21452.372
7107.600
22884.918
28215.450
3520.731
6886.140
24003.193
15580.668
15619.179
25981.327
21022.245
19318.147
15693.984
26099.474
11579.215
18451.613
13847.161
20632.575
7911.360
484.564
6432.368
5665.450
5748.188
9151.655
12524.54
26147.147
22838.773
32413.271
16192.164
16795.750
10502.777
25629.411
11176.91
7529.203
31423.792
4352.452
16881.269
5328.847
15555.23
10155.618
175.474
11256.128
11639.520
15017.773
30648.988
8813.333
16834.816
26406.84
13991.788
21917.788
7058.351
32628.474
19290.666
13149.249
4183.843
17802.396
20597.776
15461.230
16262.62
13696.628
3037.248
5839.413
14616.995
24597.169
7485.762
12444.408
13321.213
21801.148
15492.679
29231.818
21721.224
7747.989
2149.880
208.420
1038.174
18700.740
25814.392
4394.424
21679.412
466.897
27026.342
18894.457
31435.754
15878.764
24727.780
13742.561
20976.86
30398.93
21672.826
18082.746
29621.601
29491.406
12236.452
26599.182
24113.433
9028.660
27085.47
8347.870
10881.157
2546.698
18106.97
17986.799
21317.13
14307.797
9573.310
16196.568
2851.127
21983.153
24038.347
21868.509
9027.163
16213.546
12310.679
6251.896
466.272
11479.556
16917.341
20563.627
10368.860
28314.188
11973.76
28.23
19201.504
14071.901
9293.350
30755.775
30095.977
29932.804
4759.997
30886.861
17255.985
16028.108
27089.345
25673.453
9544.220
19403.443
26864.291
660.93
14327.988
99.267
31784.621
21106.428
10941.685
1777.377
11125.808
27828.104
13799.921
31529.817
6422.829
30348.765
8517.189
9310.505
4109.708
9235.773
23212.802
16395.793
8864.904
19139.458
7285.365
23629.906
22747.577
1021.806
9211.208
16998.308
28427.97
24452.60
30752.831
28987.942
9284.967
9728.132
16329.443
10199.954
6365.831
11133.939
10334.370
32742.654
15599.352
12778.697
23627.173
6203.900
20185.340
23450.681
2433.713
20298.18
27071.828
11717.556
30709.143
3503.915
9222.921
8968.182
12320.253
8357.117
15833.836
19937.512
12670.418
9360.73
24487.872
2868.748
14607.677
32628.926
26787.634
17609.204
6105.102
27515.6
19779.512
17356.652
6500.835
4466.951
1474.551
4939.371
31292.277
13133.3
3230.355
29372.230
28275.761
26271.785
27931.387
22644.549
14365.792
24355.714
25022.362
1073.516
19922.143
18742.741
722.439
8593.635
4399.359
13402.563
1254.342
31384.334
5461.510
3508.411
1868.437
14894.910
30056.420
10895.992
29340.48
16031.558
15121.239
25303.766
26416.29
31769.743
21757.704
15263.248
15270.737
28466.348
7515.972
8604.781
2913.257
8031.615
28770.164
13223.718
21768.801
12670.874
21194.389
7487.466
10501.737
2637.447
10318.160
260.555
26631.563
240.409
31280.931
29501.798
4480.903
8559.536
19892.702
1108.702
8744.439
32566.801
2724.663
23380.978
632.795
6036.44
29131.6
24690.602
1328.966
17468.660
9082.138
30593.62
30162.622
15815.162
13830.987
19068.912
14116.432
11823.58
23624.30
9216.597
29106.626
21333.141
7195.796
22991.207
21065.208
12669.557
5346.386
18255.102
22654.944
21965.220
22015.939
22536.10
13605.837
10449.606
17757.33
8746.547
14554.704
20730.890
5607.816
4357.882
21116.906
9498.101
19983.667
8078.605
7596.587
12010.519
24136.213
8929.822
339.598
15749.251
18316.418
9402.517
24089.923
2026.987
20951.627
19962.297
19695.796
24445.139
21162.245
24872.723
28038.88
29318.945
905.202
17645.636
17621.243
7857.580
26749.199
7831.353
11159.764
21389.977
18066.989
31896.590
19658.270
1293.527
10842.352
4356.233
13361.871
11786.164
32361.571
31766.898
27860.724
25279.22
12759.825
9899.66
12155.827
29515.411
28353.165
11461.753
8502.535
7730.433
24776.724
22538.909
8664.480
21212.384
2960.950
10819.754
10871.808
1045.251
12610.320
30685.125
15342.599
2700.690
18699.925
4715.544
23899.688
5972.874
1435.832
802.154
10913.810
13926.123
27559.475
21852.972
29415.920
24861.785
30824.140
28949.164
26391.154
8376.453
22553.3
1393.349
22624.945
16603.105
11388.421
820.61
1716.647
4623.751
25430.20
10056.318
32587.300
15421.691
7406.245
5435.974
2847.450
8503.724
8850.176
447.247
11629.874
20272.999
27923.667
27944.424
12858.125
830.876
15172.191
28145.722
19660.844
15327.110
14463.98
2872.580
17965.568
23409.535
13087.652
10045.479
15276.699
23225.435
25351.554
31206.194
27995.269
2909.720
16410.102
6974.735
7314.336
27242.196
26817.132
7666.396
31338.940
719.463
6248.678
14803.516
9795.460
24543.605
11777.266
1623.19
15422.919
4051.981
17023.367
17687.446
29636.375
13894.181
20316.819
15442.768
19965.886
11959.931
25876.704
8553.686
21594.84
16138.781
29096.490
4961.708
26380.338
23048.274
5916.803
9572.261
7050.683
29146.839
4601.831
31040.736
11023.77
23186.371
12236.216
27111.317
28954.388
15523.548
21925.651
17901.532
31212.376
5988.152
5785.265
6669.591
8461.402
21392.28
23104.344
2981.498
16328.306
26057.64
4919.671
17205.130
27562.540
272.729
1439.445
26340.620
17671.767
22863.550
7581.579
9467.1
21877.261
30159.147
21976.269
20071.720
32335.717
5058.65
11774.493
315.772
30515.60
6331.764
12607.768
25388.634
23685.368
5425.180
3280.303
27668.989
19946.803
22272.373
13930.791
16496.226
7373.110
3047.974
8904.146
7138.356
2781.588
29706.870
3117.20
19375.328
6285.619
9330.66
18651.502
14657.210
25491.534
22921.960
12701.526
1190.998
5481.869
22943.240
6206.293
12048.848
25039.419
26471.110
19984.104
21843.918
5447.847
17530.545
14950.976
31339.552
13208.4
17363.478
282.898
25075.718
9804.266
27729.86
14600.872
31406.986
31538.666
11065.20
12944.429
22786.314
13020.502
5809.960
19992.29
16760.528
7970.422
16454.39
25224.531
17214.762
20893.156
5991.280
13261.553
25253.130
6701.97
23528.288
31062.604
21411.358
5492.150
8320.39
29850.700
17490.113
19289.348
23882.66
6032.552
14191.432
23941.52
4680.671
15157.977
28379.334
17897.64
31196.75
26122.275
26142.513
9526.712
19277.983
8851.999
23775.443
8548.926
3400.759
26074.595
29037.658
21548.818
30812.650
1514.824
19258.584
18830.807
27004.388
16468.58
21851.244
3659.996
25729.375
20652.740
2313.351
20075.260
9894.398
5901.26
18466.135
953.438
18699.921
20113.205
18345.792
13379.686
29490.780
21466.307
2625.174
16603.162
7557.272
31629.636
27318.596
17304.197
25550.344
30929.182
13941.648
32341.480
26557.964
21461.274
22543.796
22832.412
17254.114
28743.108
4538.319
28941.489
3008.112
9181.975
18384.98
13841.314
25382.196
23760.439
23374.748
6695.703
7130.108
22619.149
5206.902
20350.354
27262.566
26945.590
1000
7342.927
5897.378
10393.345
20037.244
2622.474
7934.3
10008.170
6319.604
31125.611
29016.148
4298.688
8910.455
14437.269
29269.160
23779.88
5744.545
32771.407
28408.582
20858.730
876.205
16360.266
15240.240
5643.258
1561.295
30770.109
25103.47
22005.889
32212.552
9252.58
24796.206
29437.945
21374.109
13474.558
30978.507
18378.572
20475.816
6838.949
3287.193
31335.997
692.558
25102.275
3701.680
24260.669
14357.303
23419.820
32316.147
26932.480
16.546
22387.181
31054.377
12528.254
17561.310
28816.688
22546.845
659.3
28712.714
26127.604
23730.519
669.70
9275.310
1618.803
29084.65
24561.814
32721.463
10590.466
30725.74
5718.704
30191.655
15198.45
9825.70
16633.666
13342.587
22302.984
30445.851
31977.908
6379.371
28817.183
9765.854
23450.145
14950.133
3916.999
16718.828
25955.163
31908.555
6408.43
17645.90
11264.228
14398.968
11300.536
19278.318
27921.77
28879.863
2592.297
19199.835
17561.451
7034.868
4643.132
25938.992
28543.413
30049.217
19318.866
17630.18
7696.704
27183.155
32775.3
3070.750
22139.251
2703.594
26343.944
21329.144
26452.788
4787.716
24269.71
14392.38
27154.785
206.354
14481.395
31580.549
21905.887
15258.178
4529.593
12069.260
8337.414
18643.876
16079.85
30275.804
29749.522
5049.461
17968.490
21033.790
28292.916
17298.111
27199.437
398.269
29931.183
8742.574
17416.675
28394.383
5818.396
4674.756
28094.838
12031.729
32674.263
5685.854
15670.453
3917.960
31294.528
26198.206
3689.193
13468.648
647.778
6012.615
7670.312
18806.9
26717.39
20868.788
29597.789
15530.413
517.770
5583.921
23750.22
4043.379
28326.116
5569.791
30456.861
13743.511
26827.400
6467.309
19042.496
241.144
10468.495
30018.794
29781.450
8815.473
22469.276
4654.420
25031.119
14284.697
4389.256
636.524
6610.499
27119.498
30240.88
10532.399
6195.380
7042.381
20406.458
28708.263
14284.723
10100.181
16714.860
3835.616
11555.895
12151.520
2852.533
24878.331
4321.395
31363.209
23791.426
19655.134
31315.811
25425.504
14395.242
14545.490
10732.746
22241.393
25340.914
5085.740
17345.895
25333.969
27145.378
27264.573
6667.995
21651.292
13214.846
3539.267
1961.565
26247.577
8667.862
18930.509
23196.279
32735.548
17731.839
11389.762
20105.358
621.355
7997.535
23322.186
5946.677
10569.514
29847.789
31217.515
31517.115
30540.88
12286.487
8750.318
32195.80
13718.47
21639.881
26754.688
6755.220
520.344
41.757
29603.2
3669.744
28107.68
32320.774
8904.873
13207.91
11207.644
27148.291
17454.655
27467.999
20269.802
24880.66
23445.727
6199.810
6638.950
17972.875
30916.197
10564.197
23361.962
4867.97
7681.532
13311.287
24097.671
15213.229
13977.526
7963.651
26572.685
8102.266
7518.591
23789.686
17990.310
3781.801
13092.842
13807.195
28372.92
22855.903
1347.723
9021.959
11393.247
29577.634
1048.675
14619.45
24221.616
10321.360
18820.960
8557.34
18232.448
23366.456
28524.818
9790.594
27051.938
23411.342
30263.111
19514.522
30992.340
17865.316
15187.584
32051.348
22213.171
30618.540
32688.322
17055.502
8430.972
4382.607
32323.206
4121.411
20720.635
2033.417
4740.936
7644.856
27126.736
18835.698
28401.700
21323.424
14191.277
28135.78
25481.596
16748.897
7053.610
31157.30
13394.891
11624.356
28104.673
12584.133
32723.334
11020.465
26970.874
31312.980
13723.510
18251.833
11201.983
20385.791
7352.439
17082.491
17216.745
17011.117
27200.660
23571.71
19805.658
3456.116
26572.17
10931.86
9572.777
14185.907
10744.471
2331.64
8931.457
17713.270
22244.315
3955.180
26669.114
31936.733
31926.104
7682.356
16599.319
14177.229
30742.128
30647.846
4158.126
17476.302
27313.7
27812.764
20478.987
23293.955
16822.352
5245.861
7804.269
7684.893
19548.550
6429.242
23902.503
11571.953
25178.853
4354.569
24589.417
18507.533
6765.582
27084.509
10810.213
367.831
4310.486
25282.285
15958.954
32679.318
15833.63
5965.617
31768.412
20830.6
23615.574
6522.8
3836.338
20197.281
24533.627
7292.804
27838.894
3310.657
31723.852
12072.436
25571.497
24337.879
14806.443
1656.601
14896.364
27210.959
8046.948
22537.610
23344.624
18297.1
26000.311
17565.384
5811.679
13793.41
16029.92
21145.690
28490.577
23978.688
11514.226
30855.243
30924.568
8800.921
27022.598
14230.215
18132.901
1393.997
23111.539
17941.842
27456.569
6322.600
6294.348
18940.424
1204.995
219.169
2030.451
9059.750
23829.584
2054.318
31816.422
18184.128
6158.679
16436.117
28834.717
10446.1000
29070.681
13768.28
19835.733
13880.334
3144.976
12810.827
16217.664
24818.258
20530.556
3493.885
7492.282
14665.812
22790.55
4906.218
24392.525
6318.76
29893.258
29067.104
9463.863
23607.650
12847.21
16033.941
19428.375
12062.832
32587.820
2470.366
5673.547
25920.659
22502.13
32187.771
24802.845
26015.749
1036.891
5219.841
27312.857
9440.462
26256.61
22534.871
10807.833
12238.767
23434.527
13935.354
13472.321
17877.525
9939.424
25423.257
13335.291
904.860
29323.59
19128.641
28238.572
7451.321
23956.143
5027.522
23289.326
10474.447
6677.182
12906.752
19024.444
31216.659
7159.978
2894.3
7056.521
2640.176
22379.827
9458.375
890.601
30160.708
3938.898
27358.109
25298.341
1113.24
13332.713
32766.472
11490.27
17529.236
20858.249
8480.113
24053.389
13793.161
3540.683
6009.299
476.502
999.29
14372.79
15137.624
19052.104
20485.275
26288.864
1426.43
13821.384
3160.129
9604.702
13357.3
17901.255
26146.672
13549.931
31414.910
17691.643
16457.855
22527.94
17875.140
7788.109
15829.903
13072.35
3472.231
17226.97
23670.904
14907.153
14302.634
8736.985
7931.564
12255.530
2831.551
11487.826
18396.215
13085.167
12379.40
28541.589
9137.613
24158.441
18015.423
13936.719
25529.291
30154.537
921.45
17719.409
2132.549
9681.258
26861.575
7378.121
23433.535
20902.945
1059.484
21061.512
31617.428
29119.724
16999.240
29976.74
29962.178
599.144
21191.52
1498.633
28181.803
492.545
6329.716
31898.338
24633.470
32706.126
11922.480
24428.813
25389.908
14941.106
30736.692
26858.721
1874.148
19979.148
17617.552
16048.727
16423.431
29528.944
729.416
14303.251
24274.532
19863.596
272.45
13211.470
7326.469
18784.700
16834.258
32653.190
13687.249
2829.846
23837.216
20066.500
4720.464
27964.591
29623.499
15946.676
1085.466
3920.60
12549.506
28538.425
3514.224
29680.201
24037.35
10922.279
15971.921
12166.118
789.564
6039.799
7385.862
9920.45
7097.331
898.631
8547.711
23827.342
22489.808
14256.591
16490.516
21299.195
28385.126
24552.989
1276.765
30109.732
544.357
248.674
15178.514
6926.916
3913.522
32560.635
11051.331
4872.921
29429.597
13542.920
25239.777
17492.152
31518.251
6384.128
4140.611
23419.343
2469.970
29997.139
28076.3
2379.234
18126.832
11516.711
14972.855
20825.95
25535.908
5059.332
17959.440
26745.130
27909.370
21353.936
2777.454
9031.193
11534.323
25309.787
22501.74
29858.616
7856.723
3213.388
3136.738
31787.46
28576.546
1264.483
24836.96
9419.70
4860.292
4348.156
17389.675
21290.176
25538.113
15536.874
16863.397
9273.566
22358.813
8588.626
350.364
15273.847
16385.865
15636.764
19732.497
8817.503
8044.832
22353.806
11855.660
13644.237
2345.347
31056.160
6016.342
9016.172
5418.957
29600.193
7870.277
31736.922
25160.296
29912.840
18497.628
20115.612
10430.190
12303.636
24807.648
22484.512
23723.113
4962.445
26802.436
16584.945
24723.324
3698.592
3400.486
27971.47
18399.815
26852.111
13425.328
23131.700
10584.271
10463.831
5789.880
3306.720
432.275
2449.728
26972.904
4113.446
9721.160
426.761
6628.390
944.117
17964.943
23007.177
6030.437
15087.888
32676.130
21352.919
11865.451
27320.703
32672.778
24194.514
29030.665
26682.428
13764.492
24815.674
13690.622
30567.686
5785.511
3185.678
7039.420
10615.489
28168.63
17747.323
11011.225
19299.651
16867.341
6368.43
31927.263
25707.920
17501.189
17385.580
29938.437
17553.120
22156.663
18755.989
3628.972
8988.92
6894.679
6215.276
13187.154
19734.645
6113.765
17233.59
11065.475
25550.917
27178.365
17985.390
4404.787
11094.676
1903.87
23805.223
24957.413
26885.484
4285.665
27117.211
4801.423
20983.885
13571.392
27773.274
16595.235
2440.458
9108.747
1951.826
26408.88
12253.498
3753.784
6215.692
11098.527
92.799
15837.21
23533.830
14246.143
46.923
12463.880
9998.671
9581.410
15556.470
20740.71
11178.574
30647.381
6735.313
13730.66
20423.284
9643.795
12870.991
29878.987
5102.573
13592.355
16868.430
1614.661
2473.972
25840.789
10408.770
14048.922
23051.60
26567.937
30419.971
10690.19
23592.551
11864.320
3053.434
27568.188
15256.850
16896.489
17729.199
5449.781
12024.631
12098.630
15452.758
32145.659
15978.442
65.420
5522.974
31857.813
6672.84
18249.439
24185.625
15667.255
148.340
14663.979
31852.911
8454.762
13731.73
22604.44
11017.722
12672.186
2157.921
11790.191
2740.411
8983.159
27176.445
5735.647
16146.107
26535.901
5258.458
6611.113
7566.59
20719.740
16466.761
22518.911
27607.70
17172.488
27583.360
532.537
11872.722
30492.81
12567.696
26008.368
1758.386
19828.845
11553.357
1678.177
8910.566
12395.161
30124.129
18985.968
14829.793
1716.860
8198.433
12605.674
7358.2
13800.916
22405.406
8901.186
21256.12
13570.423
1026.157
18015.317
19029.935
12001.715
89.575
28363.414
5236.76
13514.374
24811.778
5232.747
13815.933
227.543
18972.110
24535.686
1206.195
18617.979
22229.785
17453.676
5706.789
8123.706
3842.540
10693.377
16019.616
27069.183
28181.540
10389.595
7731.849
23926.619
31105.850
21172.539
16657.724
5890.706
26433.835
3810.23
19670.873
14944.212
21583.432
768.914
16243.66
9717.214
2861.63
3731.450
15769.903
13575.414
23135.632
21830.649
28992.282
4675.803
31470.705
22885.589
30753.51
6712.627
1767.395
9827.776
25147.901
19930.707
32730.499
2900.777
16466.903
21760.210
25948.506
25971.849
17003.668
4325.318
23429.996
31390.534
26194.307
16043.654
24947.77
25557.339
13844.712
10708.750
6085.431
1983.430
5765.9
28359.599
5920.486
9509.897
9660.801
19793.308
22190.812
1000
28021.411
10642.745
2849.774
8858.861
12096.980
3622.746
26187.440
8853.485
4284.428
29787.268
6086.251
28756.556
23107.716
20569.954
26094.908
15888.761
20690.2
6152.820
18178.81
3333.636
8331.698
408.68
5031.416
29683.251
22323.784
20988.313
18787.616
30112.742
28341.919
15210.520
23843.334
26452.187
26525.486
19421.109
7606.145
26459.490
29598.725
27539.398
9808.167
25479.290
12300.140
27535.665
24840.454
12203.266
28771.52
9240.8
6490.811
11297.401
6334.500
9016.308
7845.150
31813.319
2145.918
27454.40
30382.723
19704.970
5167.831
16701.962
8220.835
11038.858
4405.586
2954.821
25850.410
27168.988
28445.310
16450.769
15672.823
6763.451
25276.363
25538.953
16681.894
4079.322
8325.353
5933.428
11271.377
30880.516
10003.690
14058.173
28267.211
761.268
6563.179
2338.124
20693.436
5236.253
10903.775
31814.683
9770.568
4115.188
5620.667
30088.713
3632.7
11482.441
11237.923
12125.706
18452.374
23635.65
27446.995
10241.964
5350.805
16649.295
11226.95
8179.660
10775.176
13581.374
22885.892
10357.279
13313.734
24692.336
15763.309
16909.410
26719.140
24534.403
23231.343
2823.931
10449.827
31441.183
22125.661
32241.669
13658.462
27268.657
29633.845
16413.247
28385.805
12309.411
7685.32
34.94
10675.988
31531.345
807.270
25691.319
4096.173
8309.958
15928.40
2407.614
5209.250
8225.85
4590.732
4263.554
29752.316
15461.376
13091.973
16068.757
19064.783
8186.156
9044.448
10790.545
12761.595
5276.467
6947.888
31101.518
30590.836
18828.441
1238.995
12860.325
23919.443
10766.144
1750.171
5913.217
27927.628
17386.141
7728.246
5775.840
22982.158
15855.992
18711.630
18781.295
29488.437
24172.247
16735.697
260.971
10220.603
8629.899
18180.130
26188.944
6134.707
24740.569
31394.495
10175.630
14125.701
1813.851
18426.849
14380.439
32726.205
23145.293
24691.367
7462.858
13592.827
20485.561
17814.979
19843.228
13694.516
29648.915
25489.419
8158.153
23928.376
24247.565
15286.753
18709.567
31194.210
15660.804
7929.460
27339.868
19035.156
26019.553
30837.77
12774.778
5143.96
32533.226
10215.939
1299.771
17422.415
14205.694
27697.319
17214.183
8611.462
2653.44
24025.128
4634.607
4382.708
5946.269
31111.944
15519.893
26154.798
2075.981
14987.134
8582.497
18007.59
2062.998
17749.378
12751.911
7065.888
18852.245
8699.148
32572.732
5831.917
7536.371
1718.29
23251.220
16925.750
6283.165
12901.548
864.398
9147.627
19219.741
22280.458
25585.958
28708.889
1703.678
5191.527
25176.250
19648.991
13549.724
489.939
15789.830
8794.929
15885.266
19037.885
31945.729
32674.288
32563.690
21812.552
27851.421
2988.712
20753.281
421.433
12183.363
2159.448
7770.464
28936.514
23122.612
25927.854
2632.508
24923.778
9192.329
24948.913
10007.350
6080.811
9095.517
16025.381
15496.28
23293.962
7969.317
830.658
7775.998
32250.987
27117.575
19790.821
4837.850
31303.786
21222.624
13465.294
18791.729
6804.547
9034.347
15699.1000
24756.400
13623.907
11549.249
23188.228
32163.400
30377.517
27044.380
214.207
29067.758
15369.166
10218.228
18554.695
28874.35
32152.537
19263.834
8258.218
22847.845
18747.219
6579.951
4056.847
2255.548
19708.192
6815.510
2630.931
17379.662
29065.332
1309.805
20605.693
11240.748
1204.179
16011.785
25551.226
17870.546
29681.779
26893.495
2164.50
4234.59
5851.564
519.99
22536.993
11157.35
2480.631
4263.909
25611.711
3434.619
6096.644
25689.895
26720.528
18956.961
13889.161
25424.913
3535.845
27005.981
3630.578
26884.405
15491.401
20040.549
5988.868
13487.747
32397.717
11256.601
17108.185
26575.981
29279.709
3486.512
13588.871
5287.52
19793.857
27728.938
4317.105
23741.498
28191.12
21924.379
20878.477
8029.574
32617.688
8761.382
13736.60
14357.675
10802.128
15407.360
14672.573
19768.649
22626.253
30122.985
8401.482
11867.875
1860.457
28499.671
4887.121
17114.839
10761.447
3798.922
17460.148
2132.265
7235.689
1381.169
12255.625
8491.24
9322.745
26163.451
25584.203
29445.615
1626.449
19706.375
23269.624
21838.270
9683.130
5238.149
26209.561
20404.927
14584.377
7400.875
10663.85
26793.153
2769.357
8852.401
9251.694
996.456
19913.243
9284.876
19426.971
20705.555
32305.882
22978.31
14357.804
18780.652
21691.719
14945.845
23442.401
16346.364
18687.658
4981.632
20307.307
32288.180
9210.871
11990.62
11508.609
29625.197
8842.462
2402.199
31033.308
29813.321
10227.555
6520.488
7815.715
1765.336
93.527
9597.683
30566.89
17120.765
13139.981
10843.325
26885.914
16385.54
26181.870
20989.94
3510.969
5158.471
20231.38
31188.180
28525.869
25074.406
13905.388
18773.361
21062.480
30540.1000
2621.462
22649.560
3836.886
31711.636
204.955
26171.124
32114.844
12184.683
19041.95
7966.801
28462.862
14635.495
21572.514
29605.673
14809.384
1166.336
6945.49
32472.865
20929.526
12667.808
3462.876
31942.433
29783.148
4594.968
32360.734
20733.967
25265.391
14518.640
10143.416
7444.900
11273.401
6091.36
15461.254
26401.374
2108.225
12030.554
3035.569
20547.668
16972.793
19037.149
13188.739
23322.30
13022.311
20667.4
25032.454
16970.58
19132.988
8750.555
10355.670
24316.424
11605.304
1680.441
24371.282
8029.215
23352.156
11265.241
5661.743
3356.613
27805.406
13667.634
6185.301
25584.667
23516.369
22748.630
32177.200
14352.622
24564.546
3672.231
20214.808
11450.960
22277.236
19973.541
13979.153
15020.541
16598.156
24277.161
17448.636
1710.215
18768.158
13568.422
16009.756
18438.314
25345.895
24703.730
1676.786
16130.992
29082.729
2962.537
2407.690
15218.910
1137.738
2362.874
17199.987
13099.925
8448.365
29632.440
20834.331
26757.346
7524.687
23340.867
5470.97
8414.207
2783.795
975.765
26343.849
27413.552
12374.719
13498.877
22181.659
30224.294
5332.229
5700.319
163.764
30518.1000
6661.723
8328.994
28370.235
8438.701
9916.219
6629.952
2948.510
10558.266
24942.596
9596.930
9202.35
24580.554
31412.919
25013.578
31414.367
21953.130
1996.266
5819.278
27217.474
4593.305
27929.248
29947.108
6054.257
22932.894
22687.96
25513.912
13437.811
1456.673
19592.994
24379.784
20994.69
27085.24
14754.205
26604.777
17220.398
19063.124
10718.827
58.967
4022.291
25536.474
31442.571
15208.289
30128.924
32699.355
10296.478
23549.466
31983.572
7426.12
9837.122
580.897
6417.365
9522.230
19699.291
27338.10
23578.355
13161.319
20720.837
15586.179
14578.692
27342.39
20396.555
26916.200
21989.663
23818.852
26903.299
6122.935
28450.353
199.199
27200.672
10194.677
18748.505
14392.941
2015.103
15423.287
13228.445
26513.207
10445.106
23511.218
6988.667
7050.346
16518.176
7942.539
11485.810
16353.343
14766.162
28282.759
1923.574
26069.892
28809.808
20902.205
32580.591
6827.1
15745.938
19775.567
28556.690
20013.28
4004.119
20930.709
7596.566
18726.478
5923.186
14828.98
11094.241
13287.459
32724.784
22847.644
6435.313
11461.374
15281.251
6788.488
22797.915
28312.171
23895.194
11844.868
28918.463
1854.387
648.559
18765.492
11551.194
7702.131
20138.791
29491.902
25265.875
19078.478
30022.246
25805.38
16952.606
31350.14
21641.393
30388.490
14882.420
26834.895
8134.257
8136.326
26949.201
9228.669
6642.54
938.929
8534.85
9367.504
24614.978
4418.391
31091.36
29549.839
17441.634
12603.701
28826.366
24714.490
14019.489
1154.800
8240.343
18798.102
17044.189
13003.30
32379.64
28575.845
5691.735
18701.611
12583.556
24357.124
7943.999
10241.750
28613.612
25869.236
13161.86
678.306
30279.475
5607.129
19831.506
27839.629
1926.475
25671.630
21867.966
31059.116
32701.62
18248.622
31779.31
26925.237
30475.942
28932.628
9631.112
26970.587
29684.302
5405.21
25477.247
25006.270
11745.294
16183.25
32672.278
21311.440
24475.531
14715.53
5725.667
18151.881
10708.757
790.436
16716.24
19398.204
1439.535
22200.249
20901.579
1471.80
18162.42
16662.398
6849.511
19446.241
12075.946
18280.641
19613.306
22361.524
3976.231
7660.162
24154.973
276.374
31662.734
28257.22
2239.367
4378.381
3107.550
11917.623
20662.898
7331.525
12500.139
1719.114
8651.508
29864.124
5007.854
18477.815
30896.271
9321.198
2698.467
29632.820
7612.865
32744.3
6875.730
20547.307
28519.597
17004.188
2813.719
4368.399
15567.529
15615.762
1362.890
3202.603
12342.462
5360.367
19099.151
636.323
18818.564
4689.507
29825.503
29409.329
26812.699
32377.248
18448.373
1049.233
26769.250
4740.102
6199.218
31123.773
18644.947
30158.688
14409.977
14909.483
26874.573
19580.733
32383.868
26382.538
21149.753
22003.72
22132.333
381.552
5113.86
7007.232
25511.726
8711.543
10866.125
11822.88
13309.450
16045.987
32012.238
30354.944
572.137
371.750
26354.937
4610.147
2193.608
12002.260
20976.773
16825.823
25355.614
7303.863
24824.21
26934.616
541.152
14194.28
10913.526
7354.990
11552.398
6839.588
931.426
16333.82
5327.820
13809.69
22876.48
13242.900
30153.627
954.726
7246.122
5646.208
19219.677
20532.534
15007.637
3869.605
4243.588
3971.342
10904.253
12413.837
5526.604
17489.122
1319.38
25481.144
24395.124
30281.788
12381.76
26591.616
6981.697
14492.633
6640.932
25058.110
8701.418
16511.106
441.680
31033.28
2382.133
2986.836
21559.335
1871.816
18167.169
5851.281
5387.459
21969.16
25373.962
9297.29
22906.930
27954.249
15046.377
4690.177
21231.133
29482.854
21087.201
16806.131
26998.924
6451.303
14391.211
3097.332
26177.80
6923.167
30465.466
19196.89
11815.847
19765.581
6230.336
28069.355
3104.964
15224.868
14129.71
8171.127
3018.484
22366.644
8818.241
170.415
25576.834
14006.950
3931.584
26693.455
28893.364
25106.788
23574.639
16159.712
16181.451
13130.815
25132.159
25633.984
9757.391
17399.462
22799.259
9016.432
29158.385
27641.366
18578.165
15315.37
7814.16
20466.204
2924.478
30569.752
8727.572
32712.949
25017.586
20465.830
18262.950
9511.734
4984.881
9832.792
6181.254
16893.300
8974.440
2383.180
22537.339
32508.750
4033.358
2858.18
3756.231
2588.486
10302.87
10499.760
8797.88
1302.324
27924.732
16612.639
651.960
1001.459
823.881
6240.267
1000
25166.493
7001.466
13950.326
29451.559
734.722
32619.692
3109.942
14590.911
3610.501
12779.984
25931.283
11604.852
258.647
16614.970
12661.809
13487.652
9789.103
5424.280
12553.206
11188.87
8340.807
20704.253
18388.976
19850.155
1397.973
15823.50
24453.247
10847.353
1905.156
19484.544
23088.86
11748.189
12478.488
8362.471
5324.671
13772.658
11702.942
13216.443
31157.92
14416.796
10070.57
32489.977
9002.951
31406.492
11711.254
15538.14
3536.354
22438.239
12985.825
13807.440
23341.168
5628.991
5163.973
8406.652
9262.970
20216.945
13989.928
3938.110
23458.267
25833.662
12246.173
28113.100
16573.101
2461.362
278.825
4390.172
24982.457
21739.80
25053.214
21928.392
11689.603
27434.452
6730.691
19809.377
6230.75
13239.455
28061.537
32416.106
19295.590
8050.158
5309.520
12920.841
26990.379
32577.419
18611.600
21310.297
24717.526
27277.131
23853.913
23311.130
19628.640
13760.734
27388.131
21064.991
27167.397
30925.427
2710.710
24076.671
6173.780
9640.241
7829.300
24257.118
27458.891
11977.535
11830.322
7827.769
20493.697
15789.333
20443.738
4080.301
15715.642
31061.240
9098.820
7179.776
30475.591
23750.978
23915.408
345.958
24624.555
7559.488
24654.806
16918.117
24034.598
8742.354
26658.999
8897.698
18836.294
2227.174
17535.737
14492.154
29600.817
15683.870
8989.183
2093.810
13759.757
8303.781
27227.486
13248.584
5521.472
15826.870
9145.785
14819.735
30491.328
4751.5
30302.741
17384.159
24388.708
25544.124
12692.806
1126.786
18007.513
9512.480
26438.337
9656.696
31364.758
28506.457
5769.360
18557.316
4702.32
1679.13
26128.345
4630.261
28511.895
28925.150
28342.159
19243.814
20576.151
7515.847
5624.103
3623.102
29729.440
6501.195
30840.452
1463.232
19399.775
22622.750
25724.684
15183.516
15705.251
2441.930
25708.281
30117.13
30274.544
32431.419
22872.385
10036.105
19922.583
8860.363
9583.182
27834.93
14269.932
32674.735
26249.358
7099.406
18074.958
22037.345
16543.676
24828.320
15973.107
17101.700
14413.478
28424.291
14078.26
30119.283
7511.901
15534.929
20135.495
30724.226
1313.896
21377.993
27786.50
840.850
21813.473
11863.560
4913.872
26460.234
24001.142
10186.970
17164.921
301.241
1046.817
30907.125
27887.465
16683.749
32043.753
18122.463
29841.335
16843.335
6168.31
17118.907
17167.344
28165.764
6299.297
22435.968
26982.501
14294.262
8598.907
26631.417
21244.920
24256.801
12174.545
7613.886
2072.164
17989.726
9006.870
18363.425
101.874
23664.771
23491.24
18619.531
1395.773
4172.873
25021.2
5565.661
9526.719
22634.845
8500.353
17539.151
13445.969
18783.152
13409.671
10771.532
24988.127
15428.8
15904.99
2361.27
22171.57
1332.108
21621.630
20739.832
27653.795
14802.155
31492.879
27459.569
27458.726
1985.13
11671.345
6929.762
24861.541
6953.961
31388.224
27462.178
70.217
5433.965
11685.552
11521.27
5073.630
4767.433
2534.598
1574.38
437.188
16914.445
5306.660
4058.5
23887.406
2761.86
28702.801
1289.54
2524.966
17153.950
17717.615
225.231
27906.783
30330.424
16066.67
19796.340
12616.954
15610.320
5041.153
16793.803
6297.249
8393.113
8591.621
12459.385
24261.255
5428.301
5900.435
26568.241
11264.822
32011.304
11904.80
15604.612
5986.936
16675.477
30820.446
11636.284
14693.215
30420.736
13781.940
3155.249
20074.653
5755.763
17172.20
16608.516
26932.164
16889.57
4617.588
5422.110
13674.286
6962.566
13499.166
5267.698
18970.991
10896.924
30681.943
31274.311
3121.734
21886.815
3380.539
12113.631
8452.1000
25837.867
17987.239
23084.210
28874.773
7122.897
24222.94
31775.948
14623.273
23973.845
22147.973
8280.890
12163.388
25828.675
23892.855
6723.513
13273.835
2446.421
19479.610
21523.640
4841.940
6057.590
12277.408
11584.985
22750.374
13756.707
25788.71
26884.660
13257.351
23381.61
16220.529
11485.443
26140.483
22405.145
18541.668
3854.783
18735.644
26463.735
1704.515
13597.186
24510.381
23677.686
22890.435
598.179
30825.365
21371.662
25397.48
22087.357
24627.306
31353.965
1070.382
23362.608
9476.52
26525.387
25759.983
25823.279
26663.158
32655.925
3958.963
24183.592
16589.256
27643.206
7365.292
18858.775
11912.744
8723.313
27712.342
19674.203
7120.644
30987.873
28611.309
20909.344
28801.185
20635.610
1481.479
13199.163
13403.624
18304.853
25589.373
32302.873
16769.11
507.823
4493.70
15356.8
1787.908
80.258
29178.148
21680.580
23349.951
1352.123
24394.501
31685.580
24189.147
3248.570
21678.28
12026.874
28040.869
20952.166
10492.549
17617.887
9197.949
26132.342
22829.389
2832.844
28329.23
22335.889
25312.943
30018.810
11930.51
26163.990
11990.992
23351.196
27396.926
19794.445
2932.924
18304.287
5135.878
5889.661
14149.542
22004.809
21830.746
1063.763
31605.413
8750.247
30745.639
690.554
22102.857
17932.837
22109.332
13330.341
13791.266
26673.473
23751.656
957.22
16936.585
23172.801
7540.310
19881.643
14320.445
18608.401
29284.224
5333.668
21271.680
30370.149
12282.249
18880.198
18724.343
3854.670
26494.481
8432.203
21440.654
490.964
14748.917
31085.159
19256.41
29424.601
14562.197
21315.476
20736.212
14368.142
23621.452
22020.400
2603.316
26684.915
413.171
26435.946
27123.579
31051.868
36.615
20762.144
3127.592
28439.367
19195.30
30885.396
8184.597
6575.407
9125.726
9348.530
25052.576
25574.371
23690.86
21341.804
9899.354
12754.431
11126.458
8792.238
30164.419
20301.266
3095.436
17314.274
13289.212
28279.655
12930.701
1259.981
23839.675
13874.549
3503.360
26088.529
20431.434
24740.159
23032.352
16081.513
9975.769
27065.292
17310.509
30435.768
9402.288
19871.487
6469.20
19167.578
11484.557
22344.616
3699.443
9097.840
20295.900
32492.978
3604.745
31786.313
25224.354
22660.251
7416.587
22799.732
11859.57
4688.855
19540.400
19976.647
9723.631
849.93
15421.631
5354.499
13051.831
18896.864
11825.91
13326.253
3952.278
31189.840
10126.854
13519.294
12444.143
23473.831
9240.643
27152.20
16740.1000
14965.84
22647.226
18099.1000
11475.931
17016.987
1206.1000
17443.614
14485.110
28629.643
22214.501
22731.784
12157.867
3307.838
23801.556
32412.35
7167.929
16603.117
2184.78
18828.40
4791.601
11789.562
16397.15
3601.484
3296.809
8364.827
521.568
6058.337
21214.476
19749.958
5984.259
28503.994
30389.840
7852.303
21976.650
12827.355
24207.935
5559.460
29341.601
30593.687
24377.799
13953.218
25792.639
18453.752
26279.611
1928.853
22451.953
9190.939
13932.623
8207.876
11727.647
6411.649
11843.423
18077.442
4814.925
27163.247
9865.665
8060.454
7761.611
17587.870
23232.142
27452.76
1627.381
2036.948
25613.326
21805.186
25045.620
6914.129
17339.785
20968.316
31496.539
21382.459
32182.150
3527.832
12838.387
27693.267
17169.872
27496.763
28609.831
2855.534
11393.923
4654.938
10066.665
22696.740
1247.364
3263.82
27059.3
9579.124
9130.230
30599.1000
1957.719
8490.23
22402.222
16180.937
17484.672
8487.248
24750.88
28473.492
6062.654
30375.162
31640.736
4171.555
311.190
21873.778
31563.274
5863.494
27192.440
19027.417
29692.618
25033.512
6243.279
16797.844
30078.421
18550.24
12369.308
7588.579
21964.869
14772.440
18429.51
23873.925
2947.345
27149.434
2374.853
21072.770
6245.107
4687.750
25712.644
26673.112
984.680
15886.133
21155.122
31306.143
25956.428
10785.562
10347.315
14978.573
32569.667
13089.827
30775.414
10184.371
26791.201
21485.500
1242.1000
5258.45
18595.555
13353.236
17421.904
15678.46
8265.236
18106.327
28906.252
28381.233
9557.161
30796.34
11890.51
15715.9
11432.573
28108.266
14857.194
19025.139
9417.197
21230.637
11765.543
6955.679
8289.581
14505.335
21475.984
32762.155
28862.674
949.71
1889.541
2506.679
20562.590
27412.440
10341.850
4397.394
7473.919
1670.528
7620.166
19639.939
9110.912
27923.468
26556.175
30592.321
30814.982
25478.2
17003.203
1957.948
25483.780
6892.693
22614.368
29895.545
23235.192
32537.917
1251.286
3722.458
3023.604
5411.28
9951.495
25368.220
30492.789
27108.850
760.902
13723.279
6717.136
4220.426
13892.765
1222.834
10855.952
12494.235
14520.653
8525.372
24308.729
9726.673
28594.466
21609.76
19424.728
11513.153
20592.349
5717.713
19535.272
8941.320
4759.296
21715.699
32005.295
21453.732
29357.869
18856.321
18156.751
22735.177
1183.920
24860.848
31122.126
1773.405
5692.264
12411.954
30121.39
28007.709
8631.834
31894.621
26501.246
25663.78
20521.77
20546.144
4513.599
10940.900
3084.463
8920.234
10011.704
5608.919
9154.679
3764.282
13875.442
20241.49
31756.25
6070.816
8911.524
8780.762
21140.198
452.722
12538.360
23789.628
4195.785
14150.968
8033.413
15377.127
11371.707
16296.409
20949.419
27412.382
7679.295
17884.699
3020.10
4635.160
24405.231
11989.903
15071.587
29835.960
11.349
16397.451
20813.829
8080.349
18335.235
22016.782
12407.833
10392.170
26614.916
10927.728
9058.279
31701.767
16342.488
11294.503
26936.223
15038.919
11628.700
25302.659
20423.760
10894.256
28871.463
26724.659
24065.245
12996.694
7770.471
28120.325
3706.67
27553.433
8574.826
21063.146
6637.908
15533.578
20206.925
18761.231
20920.407
2867.641
1865.904
4475.958
2651.605
30912.890
27028.784
15102.187
5629.806
12712.892
5557.411
32247.119
20199.442
19329.665
32505.656
8461.849
12806.665
13222.417
20111.381
28654.408
2413.332
11701.742
22026.63
16842.442
9937.857
25105.1
4579.190
4054.520
11788.90
31841.796
15349.605
7115.927
28571.590
23056.614
28159.494
9828.168
21280.767
18635.962
21542.756
13796.25
20960.507
21765.200
28528.952
27789.411
325.275
10358.170
26698.261
28458.618
11613.471
30872.848
28931.924
23430.440
858.184
1321.773
14415.160
20211.306
19472.972
9900.816
27589.267
31940.825
13947.349
27880.340
19040.959
21715.810
12854.219
19815.161
18178.662
14844.158
23044.14
25080.825
15084.115
18591.459
28235.164
14125.67
10312.14
11554.65
24468.361
10974.283
3232.276
2669.895
26893.674
23204.175
17252.244
28781.459
15111.385
8799.116
30823.3
25234.861
13688.620
10929.983
10850.385
28240.173
12922.750
1920.789
15728.170
20897.768
