10
6 10
5488 18987 8960 21984 24023 6692 
52 4
8091 27746 23735 8231 3901 29114 26426 27457 16197 14813 24919 29591 30589 32197 12083 8071 3166 26963 4410 8608 19144 10294 3439 3242 19446 14862 768 26854 17840 20945 7198 11927 10946 17518 4619 18880 12206 19121 30581 2864 1950 6759 32002 10940 28060 6850 25644 16076 19973 14335 5199 19737 
76 6
1536 22708 24731 17361 30881 4427 27311 23120 9778 1960 5028 8076 26986 2938 3326 23883 2567 5720 14218 18548 9058 26627 24212 8052 22854 14315 13147 2016 20226 8181 7362 28508 5309 9340 12104 29627 32522 32150 24890 5736 7357 1432 20264 16132 16124 28892 9365 20816 18329 12993 31986 23118 12703 13300 20686 6307 2090 15854 17223 25664 16252 16318 25540 14657 9294 20489 14310 27157 21860 4175 8635 15584 31588 21871 30261 30749 
33 3
22491 8840 23762 31348 10687 31291 18656 19223 11952 26391 28288 30684 10416 27749 10213 1531 3241 23997 9050 12131 7771 23335 32470 24574 2201 22657 16849 6198 17845 13345 10583 22712 27705 
80 4
31608 13271 26244 20045 7669 18083 16279 3567 190 12928 21400 3684 53 3800 5784 1161 2707 10897 3897 17033 14124 22076 18451 29612 25333 7823 28758 19056 30275 2837 28592 21723 14293 13604 29041 27407 20757 19216 10989 27679 26523 21406 24865 15649 28659 17851 29082 16005 7584 18542 25235 11173 5216 12044 15966 6300 16050 1451 15877 604 28054 16856 1840 9467 9620 27533 329 3150 15615 21085 1503 4793 12155 8946 28744 16965 19133 28857 20619 19443 
91 3
17789 2385 10787 7025 16937 15434 10359 9201 17013 322 20025 491 13059 10083 11964 14585 4182 25393 28220 22260 310 3941 20327 23396 28757 28664 14875 13114 26930 11134 8050 7362 15422 28341 24316 2003 11838 28254 4427 17993 14064 15179 23477 8372 4849 7354 12629 9042 11486 25825 9555 14139 8633 29642 12901 23516 25743 23649 7062 5286 17752 24524 19015 24327 24351 13050 19827 17562 12643 17023 24119 23963 26812 26783 3473 22429 6850 18856 32616 21631 31018 19078 22220 13724 16434 21905 14208 10050 25664 25001 181 
3 4
28549 9497 19093 
45 1
17424 1582 20065 20565 26689 32463 14626 1381 3925 17421 4669 30423 24315 6760 11138 4423 11056 30845 2407 20065 12733 25726 6830 7671 12033 17888 4929 25938 12272 32595 28257 2246 17756 25847 23551 13193 31860 25293 7530 20934 16522 26476 5419 28908 2585 
58 10
31308 32518 2632 32290 31715 26662 24184 18209 29556 8193 6269 15508 20443 24277 16681 28497 7325 2014 23902 1287 3011 23509 26237 7900 20969 13495 10017 4948 2194 11975 20494 32629 2750 25302 22884 29481 32703 5570 1049 15587 2120 317 4005 6277 16839 6607 30719 17794 5108 30238 20425 18495 31914 15214 2759 23232 19959 13156 
7 9
4719 28431 3995 29088 3013 6953 14393 
